file_path,dataset,label,pred_label,pred_label_enc,proba_angry,proba_happy,proba_neutral,proba_sad
/workspace/datasets/cremad/AudioWAV/1001_DFA_ANG_XX.wav,cremad,angry,angry,0,0.9995313958545655,0.00046724277317188403,1.3613722377571947e-06,1.4543792469773234e-20
/workspace/datasets/cremad/AudioWAV/1001_DFA_HAP_XX.wav,cremad,happy,angry,0,0.9999953004464868,4.698015852996015e-06,1.537632254777962e-09,1.94296585342762e-36
/workspace/datasets/cremad/AudioWAV/1001_DFA_NEU_XX.wav,cremad,neutral,angry,0,0.9995609599819398,0.00043895718294056533,8.283511498557304e-08,7.802356223710878e-27
/workspace/datasets/cremad/AudioWAV/1001_DFA_SAD_XX.wav,cremad,sad,happy,1,0.07403325101817941,0.9075978628147293,0.018368768675426313,1.1749166641055643e-07
/workspace/datasets/cremad/AudioWAV/1001_IEO_ANG_HI.wav,cremad,angry,angry,0,0.9999841929854273,1.579547139072647e-05,1.1543175053469827e-08,1.261923477660943e-25
/workspace/datasets/cremad/AudioWAV/1001_IEO_ANG_LO.wav,cremad,angry,angry,0,0.9537590219722645,0.045526498704110095,0.0007144793236421188,2.1265519285519664e-15
/workspace/datasets/cremad/AudioWAV/1001_IEO_ANG_MD.wav,cremad,angry,angry,0,0.9989254158180109,0.0010701981999504972,4.385982036518926e-06,1.2307372176010256e-19
/workspace/datasets/cremad/AudioWAV/1001_IEO_HAP_HI.wav,cremad,happy,angry,0,0.9999983861994172,1.6137649231072323e-06,3.5650228319247304e-11,2.144077275326121e-32
/workspace/datasets/cremad/AudioWAV/1001_IEO_HAP_LO.wav,cremad,happy,angry,0,0.9481161519516791,0.04143767279478696,0.010446175253522955,3.116874061819701e-18
/workspace/datasets/cremad/AudioWAV/1001_IEO_HAP_MD.wav,cremad,happy,angry,0,0.9999731296630344,2.6639385119367695e-05,2.3095185075580753e-07,5.0398456268373816e-27
/workspace/datasets/cremad/AudioWAV/1001_IEO_NEU_XX.wav,cremad,neutral,happy,1,0.44834056537942846,0.5124923583020111,0.039167076265546885,5.3004765045531073e-11
/workspace/datasets/cremad/AudioWAV/1001_IEO_SAD_HI.wav,cremad,sad,happy,1,0.08424382478106852,0.915535897400475,0.00022027779830459092,2.013573089562103e-11
/workspace/datasets/cremad/AudioWAV/1001_IEO_SAD_LO.wav,cremad,sad,happy,1,0.17034107407552967,0.8194887815809168,0.01017014429805402,4.5471924578692634e-11
/workspace/datasets/cremad/AudioWAV/1001_IEO_SAD_MD.wav,cremad,sad,happy,1,0.12098022090339802,0.8639189914743142,0.015100718340913881,6.928134776608436e-08
/workspace/datasets/cremad/AudioWAV/1001_IOM_ANG_XX.wav,cremad,angry,angry,0,0.7189254405332952,0.25408647410838403,0.026988085358317208,2.9130363085053493e-18
/workspace/datasets/cremad/AudioWAV/1001_IOM_HAP_XX.wav,cremad,happy,angry,0,0.9984211996846661,0.0015783331597427268,4.6715560721867914e-07,7.036288798091267e-23
/workspace/datasets/cremad/AudioWAV/1001_IOM_NEU_XX.wav,cremad,neutral,angry,0,0.9972111838192597,0.002782771170261744,6.045010492243658e-06,3.368609139240018e-29
/workspace/datasets/cremad/AudioWAV/1001_IOM_SAD_XX.wav,cremad,sad,happy,1,0.0029634644415633257,0.8764766788405391,0.12054885359438561,1.1003123500703006e-05
/workspace/datasets/cremad/AudioWAV/1001_ITH_ANG_XX.wav,cremad,angry,angry,0,0.9936648191792177,0.005797010286481355,0.0005381705343034477,1.847936353901306e-15
/workspace/datasets/cremad/AudioWAV/1001_ITH_HAP_XX.wav,cremad,happy,angry,0,0.9821922181683359,0.017798444000311112,9.337831353440796e-06,5.481754631701856e-21
/workspace/datasets/cremad/AudioWAV/1001_ITH_NEU_XX.wav,cremad,neutral,angry,0,0.675212178953389,0.3042924687330894,0.020495311354657205,4.095887546741141e-08
/workspace/datasets/cremad/AudioWAV/1001_ITH_SAD_XX.wav,cremad,sad,happy,1,0.10578550483434931,0.8830641016333078,0.011150393235085368,2.9727898923482793e-10
/workspace/datasets/cremad/AudioWAV/1001_ITS_ANG_XX.wav,cremad,angry,angry,0,0.8691126519817075,0.08280359442495078,0.048083654490013325,9.91033245650225e-08
/workspace/datasets/cremad/AudioWAV/1001_ITS_HAP_XX.wav,cremad,happy,angry,0,0.9990215933002214,0.0009780458160168672,3.608837838030204e-07,9.66072555936421e-21
/workspace/datasets/cremad/AudioWAV/1001_ITS_NEU_XX.wav,cremad,neutral,happy,1,0.09387697873339862,0.8321570274584739,0.07390118859975224,6.480520838182066e-05
/workspace/datasets/cremad/AudioWAV/1001_ITS_SAD_XX.wav,cremad,sad,happy,1,0.06447137234465736,0.865228112142992,0.07017368310328295,0.00012683240908017193
/workspace/datasets/cremad/AudioWAV/1001_IWL_ANG_XX.wav,cremad,angry,angry,0,0.7667893850370283,0.2277406351527752,0.005469979809886488,3.1255051954610844e-13
/workspace/datasets/cremad/AudioWAV/1001_IWL_HAP_XX.wav,cremad,happy,angry,0,0.9601939911437654,0.039237780066299216,0.0005682287898999061,2.003982917233206e-14
/workspace/datasets/cremad/AudioWAV/1001_IWL_NEU_XX.wav,cremad,neutral,happy,1,0.16224521582081822,0.7221021154359248,0.11565266865219136,9.106252686674588e-11
/workspace/datasets/cremad/AudioWAV/1001_IWL_SAD_XX.wav,cremad,sad,happy,1,0.01712008961445335,0.9621379255997318,0.02074192372649879,6.105931089272145e-08
/workspace/datasets/cremad/AudioWAV/1001_IWW_ANG_XX.wav,cremad,angry,angry,0,0.9352966711650202,0.061489989559301836,0.003213339275365334,3.2210447218985387e-13
/workspace/datasets/cremad/AudioWAV/1001_IWW_HAP_XX.wav,cremad,happy,angry,0,0.9999853565951274,1.4580245943958026e-05,6.315894606641033e-08,2.6042732463029594e-31
/workspace/datasets/cremad/AudioWAV/1001_IWW_NEU_XX.wav,cremad,neutral,happy,1,0.003060198368511434,0.6868545814330105,0.30860799135790007,0.001477228840577981
/workspace/datasets/cremad/AudioWAV/1001_IWW_SAD_XX.wav,cremad,sad,happy,1,0.07345247792126426,0.8784379929860484,0.04800029774619101,0.00010923134650004076
/workspace/datasets/cremad/AudioWAV/1001_MTI_ANG_XX.wav,cremad,angry,angry,0,0.9788328338891905,0.020913209735324505,0.0002539563720628274,3.4279163553951572e-12
/workspace/datasets/cremad/AudioWAV/1001_MTI_HAP_XX.wav,cremad,happy,angry,0,0.9957540074924875,0.0039960969334816064,0.00024989557355271723,4.751844764999652e-13
/workspace/datasets/cremad/AudioWAV/1001_MTI_NEU_XX.wav,cremad,neutral,angry,0,0.9927790047649013,0.006809661485436828,0.00041133374962111014,1.3826901866531303e-14
/workspace/datasets/cremad/AudioWAV/1001_MTI_SAD_XX.wav,cremad,sad,angry,0,0.7654065979024374,0.16032812763645118,0.07426527445948229,1.6195685348883627e-12
/workspace/datasets/cremad/AudioWAV/1001_TAI_ANG_XX.wav,cremad,angry,angry,0,0.9995799979246693,0.00041947208237144115,5.299929421937914e-07,8.025914790640825e-20
/workspace/datasets/cremad/AudioWAV/1001_TAI_HAP_XX.wav,cremad,happy,angry,0,0.9999888622277902,1.1136176386452913e-05,1.5958452944491044e-09,1.049005562053708e-26
/workspace/datasets/cremad/AudioWAV/1001_TAI_NEU_XX.wav,cremad,neutral,angry,0,0.8054977639500976,0.1224458052006596,0.07205643084770909,1.5282446434383957e-12
/workspace/datasets/cremad/AudioWAV/1001_TAI_SAD_XX.wav,cremad,sad,happy,1,0.01212943035258261,0.9261708342051551,0.06163590850998424,6.382693228664893e-05
/workspace/datasets/cremad/AudioWAV/1001_TIE_ANG_XX.wav,cremad,angry,happy,1,0.2785900207525802,0.4022207818802731,0.3191855872275892,3.6101395580150226e-06
/workspace/datasets/cremad/AudioWAV/1001_TIE_HAP_XX.wav,cremad,happy,angry,0,0.996402180297989,0.002947844513481229,0.0006499751884888805,3.615172298585908e-14
/workspace/datasets/cremad/AudioWAV/1001_TIE_NEU_XX.wav,cremad,neutral,angry,0,0.8437010375157156,0.15140455279087803,0.004894409693426746,5.884595933758254e-16
/workspace/datasets/cremad/AudioWAV/1001_TIE_SAD_XX.wav,cremad,sad,happy,1,0.14771536023364404,0.8349784073353941,0.017306177523903205,5.4907037683941285e-08
/workspace/datasets/cremad/AudioWAV/1001_TSI_ANG_XX.wav,cremad,angry,angry,0,0.9999974944290227,2.4991383181927803e-06,6.432636461598772e-09,1.433972392441676e-24
/workspace/datasets/cremad/AudioWAV/1001_TSI_HAP_XX.wav,cremad,happy,angry,0,0.9999999950404117,4.959395075494112e-09,2.0753427135244303e-13,5.552083408683013e-38
/workspace/datasets/cremad/AudioWAV/1001_TSI_NEU_XX.wav,cremad,neutral,angry,0,0.9997851066009107,0.0002148864882291497,6.91084098588625e-09,1.8870504939025462e-26
/workspace/datasets/cremad/AudioWAV/1001_TSI_SAD_XX.wav,cremad,sad,happy,1,0.3116186567097109,0.6881349226033421,0.0002464206394938229,4.742785215835712e-11
/workspace/datasets/cremad/AudioWAV/1001_WSI_ANG_XX.wav,cremad,angry,angry,0,0.992851754184093,0.007013917392356418,0.00013432842319067412,3.732737126101431e-13
/workspace/datasets/cremad/AudioWAV/1001_WSI_HAP_XX.wav,cremad,happy,angry,0,0.9999983193706523,1.6777344268517609e-06,2.8949250830013004e-09,1.1373682957864753e-27
/workspace/datasets/cremad/AudioWAV/1001_WSI_NEU_XX.wav,cremad,neutral,angry,0,0.6610217093876678,0.3347411395155267,0.0042368070030626235,3.440937294225571e-07
/workspace/datasets/cremad/AudioWAV/1001_WSI_SAD_XX.wav,cremad,sad,happy,1,0.07888662862525897,0.5766818682724769,0.34439144342908534,4.0059673173801936e-05
/workspace/datasets/cremad/AudioWAV/1002_DFA_ANG_XX.wav,cremad,angry,angry,0,0.9999999999928946,7.118733989846798e-12,1.6092338655437901e-19,1.2119688219533059e-60
/workspace/datasets/cremad/AudioWAV/1002_DFA_HAP_XX.wav,cremad,happy,angry,0,0.9999996845607413,3.153489504156345e-07,9.033067803285183e-11,4.111592093261628e-30
/workspace/datasets/cremad/AudioWAV/1002_DFA_NEU_XX.wav,cremad,neutral,happy,1,0.23911405944525171,0.7598650254634612,0.0010209138648715217,1.2264152226283197e-09
/workspace/datasets/cremad/AudioWAV/1002_DFA_SAD_XX.wav,cremad,sad,angry,0,0.6202461860674803,0.37948574627024617,0.00026806743060976235,2.3168479650814338e-10
/workspace/datasets/cremad/AudioWAV/1002_IEO_ANG_HI.wav,cremad,angry,angry,0,0.999994738295159,5.261697512596624e-06,7.32516499043442e-12,3.1503958715319697e-34
/workspace/datasets/cremad/AudioWAV/1002_IEO_ANG_LO.wav,cremad,angry,angry,0,0.9999999490755171,5.092420464130681e-08,2.6377776587705945e-13,4.3213508556977747e-38
/workspace/datasets/cremad/AudioWAV/1002_IEO_ANG_MD.wav,cremad,angry,angry,0,0.9999999838854593,1.6114502864766484e-08,2.6283420707470225e-14,2.4078531735011607e-33
/workspace/datasets/cremad/AudioWAV/1002_IEO_HAP_HI.wav,cremad,happy,angry,0,0.998853924463204,0.0011455129120508298,5.626247563215255e-07,2.3741901158303136e-18
/workspace/datasets/cremad/AudioWAV/1002_IEO_HAP_LO.wav,cremad,happy,angry,0,0.6057038693773827,0.3870127608980563,0.00728292879444295,4.409300986155824e-07
/workspace/datasets/cremad/AudioWAV/1002_IEO_HAP_MD.wav,cremad,happy,angry,0,0.9999221618261555,7.742086179586204e-05,4.173120324312387e-07,1.831007653357476e-25
/workspace/datasets/cremad/AudioWAV/1002_IEO_NEU_XX.wav,cremad,neutral,angry,0,0.5793184292305541,0.4205674451707979,0.00011412558620068651,1.2440314668677047e-11
/workspace/datasets/cremad/AudioWAV/1002_IEO_SAD_HI.wav,cremad,sad,angry,0,0.9294130362678815,0.070559341161808,2.7622570213651735e-05,9.634170423522528e-14
/workspace/datasets/cremad/AudioWAV/1002_IEO_SAD_LO.wav,cremad,sad,angry,0,0.9975769599549508,0.0024228938278126537,1.462172265499202e-07,8.298464758560246e-21
/workspace/datasets/cremad/AudioWAV/1002_IEO_SAD_MD.wav,cremad,sad,angry,0,0.9980717484020794,0.0019282187227774939,3.287515186997129e-08,5.122740307579594e-19
/workspace/datasets/cremad/AudioWAV/1002_IOM_ANG_XX.wav,cremad,angry,angry,0,0.9999663262256215,3.367374118017164e-05,3.3221240493806115e-11,2.1073673863379334e-24
/workspace/datasets/cremad/AudioWAV/1002_IOM_HAP_XX.wav,cremad,happy,angry,0,0.9959463481461716,0.0040392433765628795,1.4408477248309084e-05,8.050115715239327e-23
/workspace/datasets/cremad/AudioWAV/1002_IOM_NEU_XX.wav,cremad,neutral,happy,1,0.11643025292889879,0.8741893784038346,0.009380313679249654,5.498800703332857e-08
/workspace/datasets/cremad/AudioWAV/1002_IOM_SAD_XX.wav,cremad,sad,happy,1,0.1266590022013193,0.8628003370469877,0.01054066074301549,8.697816044972292e-12
/workspace/datasets/cremad/AudioWAV/1002_ITH_ANG_XX.wav,cremad,angry,angry,0,0.9978249911503937,0.0021686635149859466,6.345334640460514e-06,1.1083358721332614e-16
/workspace/datasets/cremad/AudioWAV/1002_ITH_HAP_XX.wav,cremad,happy,angry,0,0.9961354887141002,0.003863325245999802,1.1860398904370184e-06,9.639681141489911e-23
/workspace/datasets/cremad/AudioWAV/1002_ITH_NEU_XX.wav,cremad,neutral,angry,0,0.5522710545447044,0.44684061111490675,0.0008883321715572936,2.1688515302700972e-09
/workspace/datasets/cremad/AudioWAV/1002_ITH_SAD_XX.wav,cremad,sad,happy,1,0.4840059350932405,0.5052887857202567,0.010705254920091839,2.4266403423257334e-08
/workspace/datasets/cremad/AudioWAV/1002_ITS_ANG_XX.wav,cremad,angry,angry,0,0.9782891900711087,0.02170799732085532,2.812608026204769e-06,1.1035099563328778e-18
/workspace/datasets/cremad/AudioWAV/1002_ITS_HAP_XX.wav,cremad,happy,angry,0,0.9998528900293844,0.00014588184957744176,1.2281210658052797e-06,1.619246028460269e-17
/workspace/datasets/cremad/AudioWAV/1002_ITS_NEU_XX.wav,cremad,neutral,happy,1,0.05004369549303613,0.9440190325187706,0.005923267772017078,1.4004216170359943e-05
/workspace/datasets/cremad/AudioWAV/1002_ITS_SAD_XX.wav,cremad,sad,angry,0,0.6003572155102884,0.3954960873416137,0.004146696923751152,2.2432475939222632e-10
/workspace/datasets/cremad/AudioWAV/1002_IWL_ANG_XX.wav,cremad,angry,angry,0,0.9936938446259661,0.006304905749772712,1.2496242835825257e-06,8.302212177938041e-21
/workspace/datasets/cremad/AudioWAV/1002_IWL_HAP_XX.wav,cremad,happy,angry,0,0.6660784354163202,0.31722938628545944,0.016692158559368793,1.9738862588198258e-08
/workspace/datasets/cremad/AudioWAV/1002_IWL_NEU_XX.wav,cremad,neutral,angry,0,0.7427701822444241,0.2538056104962043,0.003424207116204968,1.4317217212996173e-10
/workspace/datasets/cremad/AudioWAV/1002_IWL_SAD_XX.wav,cremad,sad,happy,1,0.06699121447581381,0.8089837648641536,0.12402499948978632,2.1170234076071214e-08
/workspace/datasets/cremad/AudioWAV/1002_IWW_ANG_XX.wav,cremad,angry,angry,0,0.9966325065217221,0.0029595495312490024,0.00040794394703740804,2.1274761642390864e-16
/workspace/datasets/cremad/AudioWAV/1002_IWW_HAP_XX.wav,cremad,happy,angry,0,0.9924910728027293,0.007314630209588122,0.00019429698766277996,7.378186683071393e-16
/workspace/datasets/cremad/AudioWAV/1002_IWW_NEU_XX.wav,cremad,neutral,happy,1,0.4734218680519973,0.5234475358629168,0.0031303808260437077,2.1525902107598357e-07
/workspace/datasets/cremad/AudioWAV/1002_IWW_SAD_XX.wav,cremad,sad,happy,1,0.22854255766864132,0.7247780328437972,0.04667916319331969,2.462942422851188e-07
/workspace/datasets/cremad/AudioWAV/1002_MTI_ANG_XX.wav,cremad,angry,angry,0,0.9980619265083042,0.0019379934666907711,8.002502117009019e-08,2.572312591034975e-16
/workspace/datasets/cremad/AudioWAV/1002_MTI_HAP_XX.wav,cremad,happy,angry,0,0.9979834370326602,0.002014446667137602,2.1163002208386527e-06,5.48164807744642e-18
/workspace/datasets/cremad/AudioWAV/1002_MTI_NEU_XX.wav,cremad,neutral,angry,0,0.6927167468038455,0.30725934892078477,2.3904274166319046e-05,1.1773693294830821e-12
/workspace/datasets/cremad/AudioWAV/1002_MTI_SAD_XX.wav,cremad,sad,happy,1,0.18119446242310644,0.8147676812007233,0.004037593132425526,2.632437328711565e-07
/workspace/datasets/cremad/AudioWAV/1002_TAI_ANG_XX.wav,cremad,angry,angry,0,0.9999999909890676,9.010681352281883e-09,2.418391576615383e-13,2.3205636505850994e-37
/workspace/datasets/cremad/AudioWAV/1002_TAI_HAP_XX.wav,cremad,happy,angry,0,0.9591447399976201,0.0408256318365391,2.9628165826455413e-05,1.242127979236856e-19
/workspace/datasets/cremad/AudioWAV/1002_TAI_NEU_XX.wav,cremad,neutral,happy,1,0.0814160753194368,0.9153946547762296,0.003184805175189567,4.464729129891425e-06
/workspace/datasets/cremad/AudioWAV/1002_TAI_SAD_XX.wav,cremad,sad,happy,1,0.012848027249266699,0.7905086156298402,0.1878203446564793,0.008823012464418228
/workspace/datasets/cremad/AudioWAV/1002_TIE_ANG_XX.wav,cremad,angry,angry,0,0.9997335946756847,0.00026639537834932865,9.945985475345863e-09,2.2488147908188156e-23
/workspace/datasets/cremad/AudioWAV/1002_TIE_HAP_XX.wav,cremad,happy,angry,0,0.9997794482700813,0.00022052033021090456,3.1399684710147925e-08,1.5480591076228772e-21
/workspace/datasets/cremad/AudioWAV/1002_TIE_SAD_XX.wav,cremad,sad,angry,0,0.5195299019836914,0.22461180982729287,0.2558508927386418,7.395450363598751e-06
/workspace/datasets/cremad/AudioWAV/1002_TSI_ANG_XX.wav,cremad,angry,angry,0,0.9999999999849933,1.500384496065078e-11,7.614185254744466e-18,5.235841273746832e-43
/workspace/datasets/cremad/AudioWAV/1002_TSI_HAP_XX.wav,cremad,happy,angry,0,0.9999999999184865,8.150709924405448e-11,3.1447437423378118e-15,2.6901721712920866e-41
/workspace/datasets/cremad/AudioWAV/1002_TSI_NEU_XX.wav,cremad,neutral,happy,1,0.40293060504585754,0.5884119702276102,0.008657133806308339,2.909202157393121e-07
/workspace/datasets/cremad/AudioWAV/1002_TSI_SAD_XX.wav,cremad,sad,angry,0,0.853050708078033,0.14670194832983235,0.00024734129857660776,2.2935768368524597e-09
/workspace/datasets/cremad/AudioWAV/1002_WSI_ANG_XX.wav,cremad,angry,angry,0,0.9999844522462424,1.5419502459118586e-05,1.2825127336190974e-07,1.745149849513882e-18
/workspace/datasets/cremad/AudioWAV/1002_WSI_HAP_XX.wav,cremad,happy,angry,0,0.990004982823863,0.00988387920825903,0.00011113796786301619,1.0527068749640807e-15
/workspace/datasets/cremad/AudioWAV/1002_WSI_NEU_XX.wav,cremad,neutral,angry,0,0.6632213603528899,0.326966896147373,0.009811693162894451,5.0336852415278954e-08
/workspace/datasets/cremad/AudioWAV/1002_WSI_SAD_XX.wav,cremad,sad,happy,1,0.2657018971297868,0.7331430837877606,0.0011549981900446165,2.0892407388982798e-08
/workspace/datasets/cremad/AudioWAV/1003_DFA_ANG_XX.wav,cremad,angry,angry,0,0.9999999925675525,7.43244532772623e-09,1.962876912923152e-14,5.15251201416113e-40
/workspace/datasets/cremad/AudioWAV/1003_DFA_HAP_XX.wav,cremad,happy,angry,0,0.994985704377993,0.004844995401904404,0.0001693002201217484,2.832050011491053e-17
/workspace/datasets/cremad/AudioWAV/1003_DFA_NEU_XX.wav,cremad,neutral,happy,1,0.08814969810011111,0.8755988722726552,0.036248844378556695,2.5852486787348722e-06
/workspace/datasets/cremad/AudioWAV/1003_DFA_SAD_XX.wav,cremad,sad,happy,1,0.13131290792566863,0.867494222043707,0.0011928668921006437,3.1385372956620963e-09
/workspace/datasets/cremad/AudioWAV/1003_IEO_ANG_HI.wav,cremad,angry,angry,0,0.9999999985711838,1.428804154165907e-09,6.810025660732474e-18,8.283953272580531e-54
/workspace/datasets/cremad/AudioWAV/1003_IEO_ANG_LO.wav,cremad,angry,angry,0,0.9999999832819527,1.6718021367485447e-08,1.60855889736494e-14,7.955678028679681e-39
/workspace/datasets/cremad/AudioWAV/1003_IEO_ANG_MD.wav,cremad,angry,angry,0,0.9999956357155804,4.364284214720266e-06,2.3223186553020015e-13,5.983934878665855e-38
/workspace/datasets/cremad/AudioWAV/1003_IEO_HAP_HI.wav,cremad,happy,angry,0,0.9633955190687227,0.035139695193316056,0.0014647857379513067,8.502667206074905e-17
/workspace/datasets/cremad/AudioWAV/1003_IEO_HAP_LO.wav,cremad,happy,angry,0,0.9538342929060134,0.0461654571940194,2.4989997035575736e-07,5.103095469449971e-18
/workspace/datasets/cremad/AudioWAV/1003_IEO_HAP_MD.wav,cremad,happy,angry,0,0.9729823175142513,0.02657003094544476,0.00044765154032120594,1.0235967909639839e-14
/workspace/datasets/cremad/AudioWAV/1003_IEO_NEU_XX.wav,cremad,neutral,happy,1,0.18630628921651574,0.8126691894286775,0.001024519543087804,1.8117387289663805e-09
/workspace/datasets/cremad/AudioWAV/1003_IEO_SAD_HI.wav,cremad,sad,happy,1,0.45356364656737147,0.5448563987253876,0.001579948772581923,5.9346627286300915e-09
/workspace/datasets/cremad/AudioWAV/1003_IEO_SAD_LO.wav,cremad,sad,angry,0,0.9230685243197925,0.07677064237604514,0.00016083287089364322,4.3329299031685473e-10
/workspace/datasets/cremad/AudioWAV/1003_IEO_SAD_MD.wav,cremad,sad,happy,1,0.4682880067347895,0.5296431763958611,0.0020688151579873145,1.711383742073876e-09
/workspace/datasets/cremad/AudioWAV/1003_IOM_ANG_XX.wav,cremad,angry,angry,0,0.9993201890399378,0.0006797877082221777,2.3251821267013367e-08,5.174201428666937e-23
/workspace/datasets/cremad/AudioWAV/1003_IOM_HAP_XX.wav,cremad,happy,happy,1,0.22456064257311478,0.7554131945815478,0.02002614845741238,1.438793400466471e-08
/workspace/datasets/cremad/AudioWAV/1003_IOM_NEU_XX.wav,cremad,neutral,happy,1,0.4235172521530306,0.5026191523175484,0.07386238972677318,1.2058026460698606e-06
/workspace/datasets/cremad/AudioWAV/1003_IOM_SAD_XX.wav,cremad,sad,happy,1,0.030549034094493742,0.8875206223101373,0.08146686846115762,0.0004634751342168265
/workspace/datasets/cremad/AudioWAV/1003_ITH_ANG_XX.wav,cremad,angry,angry,0,0.9973403176358561,0.002659434461779034,2.47902367774941e-07,5.314749307804849e-24
/workspace/datasets/cremad/AudioWAV/1003_ITH_HAP_XX.wav,cremad,happy,happy,1,0.49845933265940434,0.49887092790885673,0.002669738826551373,6.051818908975873e-10
/workspace/datasets/cremad/AudioWAV/1003_ITH_NEU_XX.wav,cremad,neutral,happy,1,0.4503605325226617,0.5376266696418998,0.012012797772942833,6.251889676292507e-11
/workspace/datasets/cremad/AudioWAV/1003_ITH_SAD_XX.wav,cremad,sad,angry,0,0.9305933985680988,0.06931763188852952,8.896954325283479e-05,1.4321821878527203e-13
/workspace/datasets/cremad/AudioWAV/1003_ITS_ANG_XX.wav,cremad,angry,angry,0,0.9999435504278313,5.624366895478277e-05,2.059031958241542e-07,3.8638143372363224e-17
/workspace/datasets/cremad/AudioWAV/1003_ITS_HAP_XX.wav,cremad,happy,angry,0,0.8948458298967829,0.09577763870954503,0.009376531286047124,1.0762004123231236e-10
/workspace/datasets/cremad/AudioWAV/1003_ITS_NEU_XX.wav,cremad,neutral,angry,0,0.915968659469847,0.08385619032475138,0.00017515020541853163,6.5003296742361654e-15
/workspace/datasets/cremad/AudioWAV/1003_ITS_SAD_XX.wav,cremad,sad,happy,1,0.10606705152746779,0.8918941806085868,0.0020382217999749533,5.460639707125868e-07
/workspace/datasets/cremad/AudioWAV/1003_IWL_ANG_XX.wav,cremad,angry,angry,0,0.9936181188163045,0.006380537311893636,1.343871796291013e-06,4.3227588509570016e-16
/workspace/datasets/cremad/AudioWAV/1003_IWL_HAP_XX.wav,cremad,happy,happy,1,0.05885196278095101,0.9329172559551742,0.008230763872953014,1.7390909215079702e-08
/workspace/datasets/cremad/AudioWAV/1003_IWL_NEU_XX.wav,cremad,neutral,happy,1,0.23665438724903978,0.6349571367086678,0.12836083832778863,2.7637714505227224e-05
/workspace/datasets/cremad/AudioWAV/1003_IWL_SAD_XX.wav,cremad,sad,happy,1,0.4124729897060155,0.539187192001865,0.04833973562528874,8.266682698559483e-08
/workspace/datasets/cremad/AudioWAV/1003_IWW_ANG_XX.wav,cremad,angry,happy,1,0.48235213153937073,0.49684361266021576,0.020804255714720013,8.568398833056587e-11
/workspace/datasets/cremad/AudioWAV/1003_IWW_HAP_XX.wav,cremad,happy,angry,0,0.502411225452058,0.47592495252985817,0.02166380607084094,1.5947254265101482e-08
/workspace/datasets/cremad/AudioWAV/1003_IWW_NEU_XX.wav,cremad,neutral,happy,1,0.12296875001604161,0.8258815823852107,0.05114836306858224,1.3045301713644713e-06
/workspace/datasets/cremad/AudioWAV/1003_IWW_SAD_XX.wav,cremad,sad,happy,1,0.3069856317951677,0.5602182751229074,0.1327957804594559,3.126224753263637e-07
/workspace/datasets/cremad/AudioWAV/1003_MTI_ANG_XX.wav,cremad,angry,angry,0,0.9999994230826091,5.7691268027379e-07,4.7033433598445745e-12,1.4650881896697892e-28
/workspace/datasets/cremad/AudioWAV/1003_MTI_HAP_XX.wav,cremad,happy,happy,1,0.4515282726683751,0.4873856152454825,0.06108610670750429,5.378647539497954e-09
/workspace/datasets/cremad/AudioWAV/1003_MTI_NEU_XX.wav,cremad,neutral,happy,1,0.06698211464133132,0.8978044466133277,0.035211582681527465,1.8560638090283566e-06
/workspace/datasets/cremad/AudioWAV/1003_MTI_SAD_XX.wav,cremad,sad,happy,1,0.06713457287772634,0.9322502185735289,0.0006152084756337497,7.309437154650489e-11
/workspace/datasets/cremad/AudioWAV/1003_TAI_ANG_XX.wav,cremad,angry,angry,0,0.9999906180584756,9.381879545523684e-06,6.19890698884426e-11,1.0425837461117485e-28
/workspace/datasets/cremad/AudioWAV/1003_TAI_HAP_XX.wav,cremad,happy,angry,0,0.5558994146356012,0.3338005629273603,0.11030002213933213,2.9769364852080286e-10
/workspace/datasets/cremad/AudioWAV/1003_TAI_NEU_XX.wav,cremad,neutral,angry,0,0.6486726993963854,0.3060304604695522,0.045296647510293005,1.9262376314037886e-07
/workspace/datasets/cremad/AudioWAV/1003_TAI_SAD_XX.wav,cremad,sad,neutral,2,0.17906467885236135,0.2729294945234226,0.5479788569761296,2.6969648089632692e-05
/workspace/datasets/cremad/AudioWAV/1003_TIE_ANG_XX.wav,cremad,angry,angry,0,0.9999893731691342,1.052983687771361e-05,9.699398757515957e-08,1.1619362863785117e-22
/workspace/datasets/cremad/AudioWAV/1003_TIE_HAP_XX.wav,cremad,happy,happy,1,0.0773670220237958,0.8305235667723585,0.0920648570044008,4.455419944603001e-05
/workspace/datasets/cremad/AudioWAV/1003_TIE_NEU_XX.wav,cremad,neutral,angry,0,0.6518232247342112,0.2916276311463577,0.056549138666706814,5.452720688727276e-09
/workspace/datasets/cremad/AudioWAV/1003_TIE_SAD_XX.wav,cremad,sad,angry,0,0.8657803382916709,0.1338536265531026,0.0003660351526692194,2.5358064489090754e-12
/workspace/datasets/cremad/AudioWAV/1003_TSI_ANG_XX.wav,cremad,angry,angry,0,0.9997412139511497,0.000258730187199283,5.5861627907833645e-08,2.256038041463959e-21
/workspace/datasets/cremad/AudioWAV/1003_TSI_HAP_XX.wav,cremad,happy,angry,0,0.9999943143999612,5.684818210488426e-06,7.818120119664609e-10,3.7762792727326035e-28
/workspace/datasets/cremad/AudioWAV/1003_TSI_NEU_XX.wav,cremad,neutral,angry,0,0.9991008112901474,0.0008979168071183277,1.2719027142019718e-06,2.863371653932624e-19
/workspace/datasets/cremad/AudioWAV/1003_TSI_SAD_XX.wav,cremad,sad,angry,0,0.9999755602378292,2.443936113996985e-05,4.010383781355192e-10,2.4492619353834282e-27
/workspace/datasets/cremad/AudioWAV/1003_WSI_ANG_XX.wav,cremad,angry,angry,0,0.9998913598340687,0.00010863855289382703,1.6130237384971572e-09,1.9587556072807923e-23
/workspace/datasets/cremad/AudioWAV/1003_WSI_HAP_XX.wav,cremad,happy,angry,0,0.8710999620772009,0.12877295515578166,0.0001270827669781667,5.001917941150051e-14
/workspace/datasets/cremad/AudioWAV/1003_WSI_NEU_XX.wav,cremad,neutral,happy,1,0.49544390625876095,0.496279699118143,0.008274134544318365,2.2600787788127193e-06
/workspace/datasets/cremad/AudioWAV/1003_WSI_SAD_XX.wav,cremad,sad,happy,1,0.43267169719838033,0.5539960693472994,0.013332231624862648,1.8294773267969712e-09
/workspace/datasets/cremad/AudioWAV/1004_DFA_ANG_XX.wav,cremad,angry,angry,0,0.9999999928833745,7.107708022440441e-09,8.895291886872977e-12,2.259653983829192e-32
/workspace/datasets/cremad/AudioWAV/1004_DFA_HAP_XX.wav,cremad,happy,angry,0,0.980257014397075,0.019706323773847196,3.666182909119567e-05,8.436302757422243e-20
/workspace/datasets/cremad/AudioWAV/1004_DFA_NEU_XX.wav,cremad,neutral,angry,0,0.9194557765739304,0.07945888829541538,0.0010853351305640272,1.0863729204743278e-13
/workspace/datasets/cremad/AudioWAV/1004_DFA_SAD_XX.wav,cremad,sad,angry,0,0.7381630409159815,0.2618313040152939,5.6550687133104644e-06,1.4051635356678058e-15
/workspace/datasets/cremad/AudioWAV/1004_IEO_ANG_HI.wav,cremad,angry,angry,0,0.9999999479922521,5.2007747425481855e-08,1.0127080855572219e-14,1.582746052699516e-38
/workspace/datasets/cremad/AudioWAV/1004_IEO_ANG_LO.wav,cremad,angry,angry,0,0.9999127974874583,8.720135953188727e-05,1.1529927975790527e-09,8.930561604159033e-30
/workspace/datasets/cremad/AudioWAV/1004_IEO_ANG_MD.wav,cremad,angry,angry,0,0.9999999308599877,6.913898404179666e-08,1.014215571486904e-12,3.426738737048479e-34
/workspace/datasets/cremad/AudioWAV/1004_IEO_HAP_HI.wav,cremad,happy,angry,0,0.9999998937360658,1.0626394548379355e-07,6.843637893836329e-16,1.95630619009508e-40
/workspace/datasets/cremad/AudioWAV/1004_IEO_HAP_LO.wav,cremad,happy,happy,1,0.29564097537525513,0.7042809741588164,7.805046525431751e-05,6.63475704000982e-13
/workspace/datasets/cremad/AudioWAV/1004_IEO_HAP_MD.wav,cremad,happy,angry,0,0.9894067223621522,0.01048543464032703,0.00010784299748297327,1.9261322836650064e-14
/workspace/datasets/cremad/AudioWAV/1004_IEO_NEU_XX.wav,cremad,neutral,angry,0,0.6780164163594712,0.3174428239730636,0.00454075735882785,2.308644967956635e-09
/workspace/datasets/cremad/AudioWAV/1004_IEO_SAD_HI.wav,cremad,sad,angry,0,0.7083129757141353,0.2916761233959766,1.0900889910667196e-05,3.833279004635761e-15
/workspace/datasets/cremad/AudioWAV/1004_IEO_SAD_LO.wav,cremad,sad,angry,0,0.9327790351581983,0.06713297811357481,8.798672676573354e-05,1.4821196986060944e-12
/workspace/datasets/cremad/AudioWAV/1004_IEO_SAD_MD.wav,cremad,sad,angry,0,0.9899360125344846,0.010063946256206302,4.1209300511790374e-08,4.15488466219475e-18
/workspace/datasets/cremad/AudioWAV/1004_IOM_ANG_XX.wav,cremad,angry,angry,0,0.9999343611832059,5.831170418710309e-05,7.327112624234519e-06,1.82143075675172e-21
/workspace/datasets/cremad/AudioWAV/1004_IOM_HAP_XX.wav,cremad,happy,angry,0,0.9987152854514946,0.0012845872787303537,1.2726975426459812e-07,1.9969989862363644e-25
/workspace/datasets/cremad/AudioWAV/1004_IOM_NEU_XX.wav,cremad,neutral,happy,1,0.4016237275058138,0.5971149188329078,0.0012613535870262735,7.423295727802672e-11
/workspace/datasets/cremad/AudioWAV/1004_IOM_SAD_XX.wav,cremad,sad,angry,0,0.5112522214078344,0.4837102288266247,0.005037549192454394,5.73082519627401e-10
/workspace/datasets/cremad/AudioWAV/1004_ITH_ANG_XX.wav,cremad,angry,angry,0,0.999999996777376,3.2222213528036204e-09,3.901695756668773e-13,3.20060909691484e-41
/workspace/datasets/cremad/AudioWAV/1004_ITH_HAP_XX.wav,cremad,happy,angry,0,0.9912563115285287,0.008743101058483693,5.874129809573577e-07,4.5380481798454095e-18
/workspace/datasets/cremad/AudioWAV/1004_ITH_NEU_XX.wav,cremad,neutral,happy,1,0.2357983422799143,0.7605257418755942,0.00367590290312576,1.2941365049377167e-08
/workspace/datasets/cremad/AudioWAV/1004_ITH_SAD_XX.wav,cremad,sad,happy,1,0.07506163395953644,0.9143943824341535,0.010543930436309384,5.3169991921643374e-08
/workspace/datasets/cremad/AudioWAV/1004_ITS_ANG_XX.wav,cremad,angry,angry,0,0.9998567055578205,0.00014325663188990035,3.781026195137819e-08,3.3577302115092847e-22
/workspace/datasets/cremad/AudioWAV/1004_ITS_HAP_XX.wav,cremad,happy,angry,0,0.825538041051577,0.1742371740316583,0.00022478491408530239,2.6908608783255385e-12
/workspace/datasets/cremad/AudioWAV/1004_ITS_NEU_XX.wav,cremad,neutral,angry,0,0.9992233193197845,0.0007764327057119496,2.479745012703358e-07,5.109891128778625e-20
/workspace/datasets/cremad/AudioWAV/1004_ITS_SAD_XX.wav,cremad,sad,angry,0,0.7756330962231681,0.22425837542544574,0.00010852834901934598,2.372294533344601e-12
/workspace/datasets/cremad/AudioWAV/1004_IWL_ANG_XX.wav,cremad,angry,angry,0,0.9995395669951437,0.00046031183245580934,1.2117240274532943e-07,2.0810879375215447e-19
/workspace/datasets/cremad/AudioWAV/1004_IWL_HAP_XX.wav,cremad,happy,angry,0,0.9421015591914221,0.05661075975327615,0.0012876810474268593,7.875180594964586e-12
/workspace/datasets/cremad/AudioWAV/1004_IWL_NEU_XX.wav,cremad,neutral,angry,0,0.8739251941884166,0.1163116154863432,0.009763190325232537,1.1746571485110005e-15
/workspace/datasets/cremad/AudioWAV/1004_IWL_SAD_XX.wav,cremad,sad,angry,0,0.987725288307201,0.011702139610250375,0.0005725720757444482,6.8008610502519035e-12
/workspace/datasets/cremad/AudioWAV/1004_IWW_ANG_XX.wav,cremad,angry,angry,0,0.9997783845517422,0.00019755290905167048,2.4062539182240157e-05,3.2271522326427356e-17
/workspace/datasets/cremad/AudioWAV/1004_IWW_HAP_XX.wav,cremad,happy,happy,1,0.010601724804944639,0.9739271489267929,0.015466469785677337,4.656482578360281e-06
/workspace/datasets/cremad/AudioWAV/1004_IWW_NEU_XX.wav,cremad,neutral,happy,1,0.2890743863069968,0.6707992953343834,0.040125741982873525,5.763757453063264e-07
/workspace/datasets/cremad/AudioWAV/1004_IWW_SAD_XX.wav,cremad,sad,angry,0,0.8444340380917134,0.15472843978621467,0.0008375137141396213,8.407937712961301e-09
/workspace/datasets/cremad/AudioWAV/1004_MTI_ANG_XX.wav,cremad,angry,angry,0,0.9998193861986773,0.00017954251860333842,1.0712827325979524e-06,1.2880917104407051e-24
/workspace/datasets/cremad/AudioWAV/1004_MTI_HAP_XX.wav,cremad,happy,happy,1,0.43729889029445845,0.5611771965822844,0.0015239131173001045,5.959682407728869e-12
/workspace/datasets/cremad/AudioWAV/1004_MTI_NEU_XX.wav,cremad,neutral,happy,1,0.19891020775465384,0.7904447124904658,0.010645057321192836,2.2433698799843594e-08
/workspace/datasets/cremad/AudioWAV/1004_MTI_SAD_XX.wav,cremad,sad,happy,1,0.19437820844695944,0.7922738595858764,0.013347115477921808,8.164892462369993e-07
/workspace/datasets/cremad/AudioWAV/1004_TAI_ANG_XX.wav,cremad,angry,angry,0,0.9999994135426974,5.864459444099915e-07,1.1371712119629847e-11,4.208724013879854e-31
/workspace/datasets/cremad/AudioWAV/1004_TAI_HAP_XX.wav,cremad,happy,angry,0,0.8950667098184604,0.10465066061550952,0.0002826294083765789,1.5765647279739832e-10
/workspace/datasets/cremad/AudioWAV/1004_TAI_NEU_XX.wav,cremad,neutral,angry,0,0.8082061614159819,0.19165697886389718,0.0001368597200406365,5.458164470981767e-14
/workspace/datasets/cremad/AudioWAV/1004_TAI_SAD_XX.wav,cremad,sad,happy,1,0.19689718948060972,0.7616179460005451,0.041479288833966295,5.575684886836169e-06
/workspace/datasets/cremad/AudioWAV/1004_TIE_ANG_XX.wav,cremad,angry,angry,0,0.9999998255406847,1.7426478652889266e-07,1.9454232065310878e-10,5.137155369459045e-24
/workspace/datasets/cremad/AudioWAV/1004_TIE_HAP_XX.wav,cremad,happy,angry,0,0.9660832895345055,0.033889424055569974,2.7286409930298076e-05,5.65854938347591e-17
/workspace/datasets/cremad/AudioWAV/1004_TIE_NEU_XX.wav,cremad,neutral,angry,0,0.515877276857328,0.48039706650102604,0.0037256467471683302,9.894486840760331e-09
/workspace/datasets/cremad/AudioWAV/1004_TIE_SAD_XX.wav,cremad,sad,angry,0,0.9875807680919443,0.012419105454896615,1.2645313155748072e-07,6.792276260044366e-19
/workspace/datasets/cremad/AudioWAV/1004_TSI_ANG_XX.wav,cremad,angry,angry,0,0.9999999975349283,2.4638934446884947e-09,1.1948293344015736e-12,1.7022285265358471e-28
/workspace/datasets/cremad/AudioWAV/1004_TSI_HAP_XX.wav,cremad,happy,angry,0,0.8007452911815467,0.19606445678852316,0.003190251593967424,4.359771267518916e-10
/workspace/datasets/cremad/AudioWAV/1004_TSI_NEU_XX.wav,cremad,neutral,angry,0,0.9993583795297442,0.0005813695854103015,6.025088486470693e-05,1.7839380105828943e-18
/workspace/datasets/cremad/AudioWAV/1004_TSI_SAD_XX.wav,cremad,sad,angry,0,0.7065701483256046,0.2914413287843734,0.0019885201926549616,2.6973898083221424e-09
/workspace/datasets/cremad/AudioWAV/1004_WSI_ANG_XX.wav,cremad,angry,angry,0,0.9986816290305894,0.0013083821926865755,9.988768772531474e-06,7.979565228033688e-12
/workspace/datasets/cremad/AudioWAV/1004_WSI_HAP_XX.wav,cremad,happy,angry,0,0.999028781010931,0.0009676160647650463,3.602924309881217e-06,7.219792489683794e-20
/workspace/datasets/cremad/AudioWAV/1004_WSI_NEU_XX.wav,cremad,neutral,angry,0,0.49333199366114866,0.43098256182860895,0.07568536221162936,8.229860717960447e-08
/workspace/datasets/cremad/AudioWAV/1004_WSI_SAD_XX.wav,cremad,sad,angry,0,0.6939428075212901,0.3019837370727551,0.004073201706607524,2.53699336898187e-07
/workspace/datasets/cremad/AudioWAV/1005_DFA_ANG_XX.wav,cremad,angry,angry,0,0.9999989557193539,1.044274148289024e-06,6.4719088491387254e-12,4.08042080780209e-32
/workspace/datasets/cremad/AudioWAV/1005_DFA_HAP_XX.wav,cremad,happy,angry,0,0.9984862924876886,0.0015026625715198834,1.1044940811712857e-05,7.529145925962915e-24
/workspace/datasets/cremad/AudioWAV/1005_DFA_NEU_XX.wav,cremad,neutral,angry,0,0.9253174622159843,0.05111515048929042,0.023567387292872766,1.8614994928799983e-12
/workspace/datasets/cremad/AudioWAV/1005_DFA_SAD_XX.wav,cremad,sad,happy,1,0.03465155817430853,0.9290709114220242,0.036277517781735075,1.2621934002508545e-08
/workspace/datasets/cremad/AudioWAV/1005_IEO_ANG_HI.wav,cremad,angry,angry,0,0.9999992894917932,7.105072510532672e-07,9.399305320600684e-13,1.7078939623820875e-32
/workspace/datasets/cremad/AudioWAV/1005_IEO_ANG_LO.wav,cremad,angry,neutral,2,0.06860658261027518,0.32583466647167514,0.6055524655972864,6.285320749869959e-06
/workspace/datasets/cremad/AudioWAV/1005_IEO_ANG_MD.wav,cremad,angry,angry,0,0.9997365946387673,0.0002580794424956669,5.325918734905997e-06,1.4975839968082184e-19
/workspace/datasets/cremad/AudioWAV/1005_IEO_HAP_HI.wav,cremad,happy,angry,0,0.9996915903335457,0.00030806347753013677,3.4618893915989957e-07,7.46553931840477e-21
/workspace/datasets/cremad/AudioWAV/1005_IEO_HAP_LO.wav,cremad,happy,angry,0,0.9112767935538935,0.08697556213645602,0.0017476442670529236,4.260268734527863e-11
/workspace/datasets/cremad/AudioWAV/1005_IEO_HAP_MD.wav,cremad,happy,happy,1,0.08468694216461549,0.8914354751966569,0.02384289184676489,3.469079195991566e-05
/workspace/datasets/cremad/AudioWAV/1005_IEO_NEU_XX.wav,cremad,neutral,happy,1,0.12357083926283884,0.8662727576381964,0.010156212116583994,1.9098237444999328e-07
/workspace/datasets/cremad/AudioWAV/1005_IEO_SAD_HI.wav,cremad,sad,happy,1,0.022557148299709447,0.9754644261790104,0.0019780961669299086,3.2935434229618746e-07
/workspace/datasets/cremad/AudioWAV/1005_IEO_SAD_LO.wav,cremad,sad,angry,0,0.8166329776055707,0.18301372491173445,0.00035329746906808074,1.3648193049456179e-11
/workspace/datasets/cremad/AudioWAV/1005_IEO_SAD_MD.wav,cremad,sad,angry,0,0.8210204856888689,0.1778224243564718,0.001157089953286117,1.3724172466637019e-12
/workspace/datasets/cremad/AudioWAV/1005_IOM_ANG_XX.wav,cremad,angry,angry,0,0.998507891098305,0.0014918284400592958,2.804616111573778e-07,1.964473456969255e-20
/workspace/datasets/cremad/AudioWAV/1005_IOM_HAP_XX.wav,cremad,happy,angry,0,0.6593735580845442,0.3401235108835063,0.0005029310319380562,2.1562200547503096e-14
/workspace/datasets/cremad/AudioWAV/1005_IOM_NEU_XX.wav,cremad,neutral,happy,1,0.002510364954046524,0.8992143607883867,0.09806830100338562,0.00020697325417264026
/workspace/datasets/cremad/AudioWAV/1005_IOM_SAD_XX.wav,cremad,sad,happy,1,0.012626436709015384,0.9825220934469178,0.004850696418164235,7.734259009195155e-07
/workspace/datasets/cremad/AudioWAV/1005_ITH_ANG_XX.wav,cremad,angry,angry,0,0.9999875985562774,1.1719255245265796e-05,6.821884566186036e-07,6.539303522072144e-22
/workspace/datasets/cremad/AudioWAV/1005_ITH_HAP_XX.wav,cremad,happy,angry,0,0.6222289286227164,0.33266736136715197,0.04510370743557652,2.5745575700855375e-09
/workspace/datasets/cremad/AudioWAV/1005_ITH_NEU_XX.wav,cremad,neutral,happy,1,0.2158156784069591,0.776516917488121,0.007667403550871426,5.540402305601754e-10
/workspace/datasets/cremad/AudioWAV/1005_ITH_SAD_XX.wav,cremad,sad,happy,1,0.27064013109618584,0.7228542596627303,0.006503894985133297,1.7142559552642008e-06
/workspace/datasets/cremad/AudioWAV/1005_ITS_ANG_XX.wav,cremad,angry,angry,0,0.999687160645219,0.0003124845749011846,3.5477986632103427e-07,3.527051088854399e-19
/workspace/datasets/cremad/AudioWAV/1005_ITS_HAP_XX.wav,cremad,happy,angry,0,0.9987041672967963,0.001291292327066791,4.540376133080192e-06,8.189257658495818e-17
/workspace/datasets/cremad/AudioWAV/1005_ITS_NEU_XX.wav,cremad,neutral,happy,1,0.16232210161137398,0.578212209373044,0.25927018880835023,0.0001955002072385161
/workspace/datasets/cremad/AudioWAV/1005_ITS_SAD_XX.wav,cremad,sad,happy,1,0.32697528090787714,0.608297675986621,0.06472692822852834,1.1487697062275515e-07
/workspace/datasets/cremad/AudioWAV/1005_IWL_ANG_XX.wav,cremad,angry,angry,0,0.6847937312443635,0.31443033868359244,0.0007759300720198571,1.1313978732922262e-14
/workspace/datasets/cremad/AudioWAV/1005_IWL_HAP_XX.wav,cremad,happy,happy,1,0.13559778096131236,0.8346664239386213,0.02973530591643978,4.891836230917242e-07
/workspace/datasets/cremad/AudioWAV/1005_IWL_NEU_XX.wav,cremad,neutral,happy,1,0.04757759329014532,0.9290152164365391,0.02340718899262979,1.280692572663058e-09
/workspace/datasets/cremad/AudioWAV/1005_IWL_SAD_XX.wav,cremad,sad,happy,1,0.0008586337900848906,0.9405005484239277,0.05862313255748719,1.7685228497285018e-05
/workspace/datasets/cremad/AudioWAV/1005_IWW_ANG_XX.wav,cremad,angry,happy,1,0.12552846402301693,0.7901311467044329,0.08432898434448854,1.140492807169019e-05
/workspace/datasets/cremad/AudioWAV/1005_IWW_HAP_XX.wav,cremad,happy,happy,1,0.05238196578928429,0.9056916257788699,0.041911816132948455,1.459229890054737e-05
/workspace/datasets/cremad/AudioWAV/1005_IWW_NEU_XX.wav,cremad,neutral,happy,1,0.030963190167457157,0.9309631250906449,0.03807107771929981,2.607022603909364e-06
