file_path,dataset,label,pred_label,pred_label_enc,proba_angry,proba_happy,proba_neutral,proba_sad
/workspace/datasets/cremad/AudioWAV/1001_DFA_ANG_XX.wav,cremad,angry,neutral,2,0.26342802110081986,0.3002536748482145,0.31680045112595623,0.11951785292500944
/workspace/datasets/cremad/AudioWAV/1001_DFA_HAP_XX.wav,cremad,happy,happy,1,0.2960429901985979,0.3298648231626806,0.2856850663420316,0.08840712029669
/workspace/datasets/cremad/AudioWAV/1001_DFA_NEU_XX.wav,cremad,neutral,neutral,2,0.1763116338096366,0.31369265982769723,0.37491778974793805,0.13507791661472804
/workspace/datasets/cremad/AudioWAV/1001_DFA_SAD_XX.wav,cremad,sad,neutral,2,0.17031128543045768,0.2725562778012583,0.3683352830940557,0.18879715367422825
/workspace/datasets/cremad/AudioWAV/1001_IEO_ANG_HI.wav,cremad,angry,angry,0,0.3393075243041858,0.2957267571078647,0.27517470099606217,0.08979101759188757
/workspace/datasets/cremad/AudioWAV/1001_IEO_ANG_LO.wav,cremad,angry,neutral,2,0.19515545979335333,0.2578604664552841,0.37194229109563337,0.17504178265572914
/workspace/datasets/cremad/AudioWAV/1001_IEO_ANG_MD.wav,cremad,angry,angry,0,0.3419242106030476,0.2701874883932775,0.30397039499946726,0.08391790600420759
/workspace/datasets/cremad/AudioWAV/1001_IEO_HAP_HI.wav,cremad,happy,angry,0,0.43950806525716407,0.2508100544003237,0.22384445664944214,0.08583742369307033
/workspace/datasets/cremad/AudioWAV/1001_IEO_HAP_LO.wav,cremad,happy,neutral,2,0.2091655373712498,0.27977081792324104,0.34112196162242114,0.1699416830830879
/workspace/datasets/cremad/AudioWAV/1001_IEO_HAP_MD.wav,cremad,happy,neutral,2,0.30203522387302656,0.2760144935402888,0.3051093487822321,0.1168409338044525
/workspace/datasets/cremad/AudioWAV/1001_IEO_NEU_XX.wav,cremad,neutral,neutral,2,0.1944226949257835,0.2662236328837824,0.3507876671628608,0.1885660050275733
/workspace/datasets/cremad/AudioWAV/1001_IEO_SAD_HI.wav,cremad,sad,neutral,2,0.18250704971124018,0.2723383980043592,0.276985058209943,0.26816949407445784
/workspace/datasets/cremad/AudioWAV/1001_IEO_SAD_LO.wav,cremad,sad,neutral,2,0.1921007176658505,0.28558672503030674,0.3184621496838584,0.20385040761998435
/workspace/datasets/cremad/AudioWAV/1001_IEO_SAD_MD.wav,cremad,sad,neutral,2,0.12466832847429023,0.33099737445485194,0.3353731065993867,0.20896119047147116
/workspace/datasets/cremad/AudioWAV/1001_IOM_ANG_XX.wav,cremad,angry,neutral,2,0.1761541799795875,0.26276687217882133,0.45183061539874764,0.10924833244284356
/workspace/datasets/cremad/AudioWAV/1001_IOM_HAP_XX.wav,cremad,happy,neutral,2,0.19823945395348985,0.28070191381291987,0.3500052482569416,0.17105338397664852
/workspace/datasets/cremad/AudioWAV/1001_IOM_NEU_XX.wav,cremad,neutral,neutral,2,0.16010096599128526,0.32417067021339696,0.37793209731037014,0.1377962664849476
/workspace/datasets/cremad/AudioWAV/1001_IOM_SAD_XX.wav,cremad,sad,neutral,2,0.17064334656621555,0.2414958739277585,0.41178759337090365,0.1760731861351222
/workspace/datasets/cremad/AudioWAV/1001_ITH_ANG_XX.wav,cremad,angry,neutral,2,0.2901621662270744,0.3036808976590752,0.310441025419103,0.09571591069474734
/workspace/datasets/cremad/AudioWAV/1001_ITH_HAP_XX.wav,cremad,happy,happy,1,0.24657111337332574,0.38546598007941957,0.2933377154588546,0.07462519108840014
/workspace/datasets/cremad/AudioWAV/1001_ITH_NEU_XX.wav,cremad,neutral,neutral,2,0.19297229703296206,0.2567918977036203,0.42452424916241677,0.12571155610100082
/workspace/datasets/cremad/AudioWAV/1001_ITH_SAD_XX.wav,cremad,sad,neutral,2,0.1736091401358206,0.2965064732009141,0.3216082314514941,0.2082761552117711
/workspace/datasets/cremad/AudioWAV/1001_ITS_ANG_XX.wav,cremad,angry,happy,1,0.29389047041621025,0.34320758014396735,0.25613068623027613,0.10677126320954605
/workspace/datasets/cremad/AudioWAV/1001_ITS_HAP_XX.wav,cremad,happy,angry,0,0.41292738508146803,0.26986629665933237,0.24461673703639517,0.07258958122280457
/workspace/datasets/cremad/AudioWAV/1001_ITS_NEU_XX.wav,cremad,neutral,happy,1,0.26636248738431817,0.34889946171612674,0.2849743438697332,0.09976370702982182
/workspace/datasets/cremad/AudioWAV/1001_ITS_SAD_XX.wav,cremad,sad,neutral,2,0.17577161508539058,0.27340952213247666,0.3247135789303349,0.22610528385179784
/workspace/datasets/cremad/AudioWAV/1001_IWL_ANG_XX.wav,cremad,angry,angry,0,0.3150813228158656,0.29232102380827313,0.30718233214084195,0.0854153212350195
/workspace/datasets/cremad/AudioWAV/1001_IWL_HAP_XX.wav,cremad,happy,angry,0,0.331659715293589,0.30798218285265,0.26741628244638777,0.09294181940737324
/workspace/datasets/cremad/AudioWAV/1001_IWL_NEU_XX.wav,cremad,neutral,neutral,2,0.21371286210525625,0.2762189777210159,0.3761780585684648,0.133890101605263
/workspace/datasets/cremad/AudioWAV/1001_IWL_SAD_XX.wav,cremad,sad,neutral,2,0.18622127290489018,0.29266188555778966,0.35467500999866325,0.16644183153865705
/workspace/datasets/cremad/AudioWAV/1001_IWW_ANG_XX.wav,cremad,angry,angry,0,0.30864974207177165,0.3057259330034515,0.27361939562513116,0.11200492929964581
/workspace/datasets/cremad/AudioWAV/1001_IWW_HAP_XX.wav,cremad,happy,angry,0,0.35036887342015155,0.29995272097358655,0.27906962449342254,0.07060878111283936
/workspace/datasets/cremad/AudioWAV/1001_IWW_NEU_XX.wav,cremad,neutral,neutral,2,0.17542790055947832,0.3136929442716206,0.35013748488632696,0.16074167028257427
/workspace/datasets/cremad/AudioWAV/1001_IWW_SAD_XX.wav,cremad,sad,neutral,2,0.1759908928873855,0.25160564818970027,0.29153783075860645,0.28086562816430755
/workspace/datasets/cremad/AudioWAV/1001_MTI_ANG_XX.wav,cremad,angry,angry,0,0.3270107614169199,0.27783292554787886,0.2890986592442205,0.10605765379098067
/workspace/datasets/cremad/AudioWAV/1001_MTI_HAP_XX.wav,cremad,happy,angry,0,0.3324732968518138,0.28607604968558836,0.27777735679525206,0.10367329666734565
/workspace/datasets/cremad/AudioWAV/1001_MTI_NEU_XX.wav,cremad,neutral,neutral,2,0.24594281146067615,0.3123393518968849,0.35211707228983075,0.0896007643526081
/workspace/datasets/cremad/AudioWAV/1001_MTI_SAD_XX.wav,cremad,sad,neutral,2,0.16012954240066218,0.2262965029046251,0.4643968431553229,0.14917711153938987
/workspace/datasets/cremad/AudioWAV/1001_TAI_ANG_XX.wav,cremad,angry,happy,1,0.27199008402004504,0.34726007756659677,0.30915505217523004,0.07159478623812811
/workspace/datasets/cremad/AudioWAV/1001_TAI_HAP_XX.wav,cremad,happy,angry,0,0.3280253195503112,0.3228083756842139,0.27511011961224724,0.07405618515322752
/workspace/datasets/cremad/AudioWAV/1001_TAI_NEU_XX.wav,cremad,neutral,neutral,2,0.2242029232000443,0.3115718741102612,0.33171870896482253,0.13250649372487197
/workspace/datasets/cremad/AudioWAV/1001_TAI_SAD_XX.wav,cremad,sad,neutral,2,0.16293782655053765,0.24014545286059896,0.3375771473045273,0.2593395732843361
/workspace/datasets/cremad/AudioWAV/1001_TIE_ANG_XX.wav,cremad,angry,happy,1,0.30942982045711226,0.3696344151599507,0.24830059028935011,0.07263517409358702
/workspace/datasets/cremad/AudioWAV/1001_TIE_HAP_XX.wav,cremad,happy,neutral,2,0.3125497406873487,0.27917817376896037,0.3191383699225414,0.08913371562114954
/workspace/datasets/cremad/AudioWAV/1001_TIE_NEU_XX.wav,cremad,neutral,neutral,2,0.19586080631059044,0.3030736500693385,0.3628839123401572,0.13818163127991412
/workspace/datasets/cremad/AudioWAV/1001_TIE_SAD_XX.wav,cremad,sad,neutral,2,0.13638092964475548,0.2697028884660344,0.3280910015024834,0.26582518038672676
/workspace/datasets/cremad/AudioWAV/1001_TSI_ANG_XX.wav,cremad,angry,angry,0,0.3587922177196491,0.3188730575123053,0.23028639226466766,0.09204833250337806
/workspace/datasets/cremad/AudioWAV/1001_TSI_HAP_XX.wav,cremad,happy,happy,1,0.32486235867950874,0.34802845467243704,0.2505050015523996,0.07660418509565484
/workspace/datasets/cremad/AudioWAV/1001_TSI_NEU_XX.wav,cremad,neutral,angry,0,0.3584434035654979,0.3005630185780401,0.21629521372283636,0.12469836413362566
/workspace/datasets/cremad/AudioWAV/1001_TSI_SAD_XX.wav,cremad,sad,happy,1,0.15403756408018004,0.35428425412687786,0.2737306574202019,0.21794752437274006
/workspace/datasets/cremad/AudioWAV/1001_WSI_ANG_XX.wav,cremad,angry,angry,0,0.4037597814445351,0.2988632001964962,0.2286137828739491,0.06876323548501945
/workspace/datasets/cremad/AudioWAV/1001_WSI_HAP_XX.wav,cremad,happy,angry,0,0.34621614519449007,0.27456289040357956,0.2914281078260451,0.08779285657588516
/workspace/datasets/cremad/AudioWAV/1001_WSI_NEU_XX.wav,cremad,neutral,angry,0,0.38679011796662854,0.2828907346781383,0.2419766071075003,0.08834254024773289
/workspace/datasets/cremad/AudioWAV/1001_WSI_SAD_XX.wav,cremad,sad,neutral,2,0.31530907736873237,0.24711825301636378,0.34622910734815643,0.09134356226674761
/workspace/datasets/cremad/AudioWAV/1002_DFA_ANG_XX.wav,cremad,angry,happy,1,0.34753104674051494,0.36434052696266894,0.2257546474049757,0.0623737788918406
/workspace/datasets/cremad/AudioWAV/1002_DFA_HAP_XX.wav,cremad,happy,angry,0,0.3732225535880904,0.30324259676109055,0.23508372815550185,0.0884511214953171
/workspace/datasets/cremad/AudioWAV/1002_DFA_NEU_XX.wav,cremad,neutral,neutral,2,0.1660978234304408,0.2331903111837951,0.3553693805005866,0.24534248488517751
/workspace/datasets/cremad/AudioWAV/1002_DFA_SAD_XX.wav,cremad,sad,neutral,2,0.15849580386683196,0.23487573635477826,0.3832434431387359,0.22338501663965377
/workspace/datasets/cremad/AudioWAV/1002_IEO_ANG_HI.wav,cremad,angry,angry,0,0.4533519715295479,0.2663656505807829,0.2267104811172212,0.05357189677244818
/workspace/datasets/cremad/AudioWAV/1002_IEO_ANG_LO.wav,cremad,angry,angry,0,0.31337507279224186,0.2782351717699326,0.294276787396923,0.11411296804090254
/workspace/datasets/cremad/AudioWAV/1002_IEO_ANG_MD.wav,cremad,angry,angry,0,0.4642504342402613,0.23445588502721673,0.22945699848111725,0.07183668225140467
/workspace/datasets/cremad/AudioWAV/1002_IEO_HAP_HI.wav,cremad,happy,angry,0,0.33015687784122855,0.2979238997583796,0.2848207972745498,0.08709842512584207
/workspace/datasets/cremad/AudioWAV/1002_IEO_HAP_LO.wav,cremad,happy,neutral,2,0.24113519842717945,0.24494110223392584,0.2981581190436449,0.2157655802952499
/workspace/datasets/cremad/AudioWAV/1002_IEO_HAP_MD.wav,cremad,happy,angry,0,0.35435621686259894,0.28702549063825794,0.26982209381197236,0.08879619868717109
/workspace/datasets/cremad/AudioWAV/1002_IEO_NEU_XX.wav,cremad,neutral,neutral,2,0.17295775377877948,0.2621495529303429,0.302675443850281,0.26221724944059666
/workspace/datasets/cremad/AudioWAV/1002_IEO_SAD_HI.wav,cremad,sad,sad,3,0.14260284012865715,0.22880063540960863,0.2971348234316692,0.3314617010300649
/workspace/datasets/cremad/AudioWAV/1002_IEO_SAD_LO.wav,cremad,sad,sad,3,0.1454747342454918,0.21910200487293685,0.3061714376492737,0.32925182323229757
/workspace/datasets/cremad/AudioWAV/1002_IEO_SAD_MD.wav,cremad,sad,sad,3,0.13992519810882056,0.28059953806692123,0.2705365099273107,0.3089387538969474
/workspace/datasets/cremad/AudioWAV/1002_IOM_ANG_XX.wav,cremad,angry,angry,0,0.42658394900328284,0.31572976561656496,0.18494603239451787,0.07274025298563444
/workspace/datasets/cremad/AudioWAV/1002_IOM_HAP_XX.wav,cremad,happy,happy,1,0.1796240049274444,0.38601329592113776,0.3221833459168696,0.11217935323454828
/workspace/datasets/cremad/AudioWAV/1002_IOM_NEU_XX.wav,cremad,neutral,neutral,2,0.15702582851245175,0.24412368841890233,0.3567156229293018,0.24213486013934415
/workspace/datasets/cremad/AudioWAV/1002_IOM_SAD_XX.wav,cremad,sad,neutral,2,0.1965388011868064,0.2672206399504751,0.38027670103482303,0.15596385782789554
/workspace/datasets/cremad/AudioWAV/1002_ITH_ANG_XX.wav,cremad,angry,angry,0,0.43688751801539105,0.25750855703259173,0.21304566438247347,0.0925582605695439
/workspace/datasets/cremad/AudioWAV/1002_ITH_HAP_XX.wav,cremad,happy,angry,0,0.40119706755067175,0.23161967819764454,0.2753263667706204,0.09185688748106344
/workspace/datasets/cremad/AudioWAV/1002_ITH_NEU_XX.wav,cremad,neutral,neutral,2,0.1523178503042702,0.2949705240663983,0.3173241655707148,0.23538746005861672
/workspace/datasets/cremad/AudioWAV/1002_ITH_SAD_XX.wav,cremad,sad,neutral,2,0.17916576100073542,0.26204871728525025,0.2797967750746038,0.2789887466394102
/workspace/datasets/cremad/AudioWAV/1002_ITS_ANG_XX.wav,cremad,angry,angry,0,0.3844658389208383,0.29558010946013963,0.1915040383586059,0.12845001326041638
/workspace/datasets/cremad/AudioWAV/1002_ITS_HAP_XX.wav,cremad,happy,angry,0,0.3967484702069999,0.2757587985702223,0.26024966356510243,0.06724306765767542
/workspace/datasets/cremad/AudioWAV/1002_ITS_NEU_XX.wav,cremad,neutral,happy,1,0.20900028792142972,0.3001265915064082,0.2697747247691773,0.22109839580298474
/workspace/datasets/cremad/AudioWAV/1002_ITS_SAD_XX.wav,cremad,sad,sad,3,0.15868955446698213,0.26846076130087665,0.23487966169950802,0.33797002253263314
/workspace/datasets/cremad/AudioWAV/1002_IWL_ANG_XX.wav,cremad,angry,angry,0,0.42657351524592585,0.30285239400672603,0.18841055783029537,0.08216353291705251
/workspace/datasets/cremad/AudioWAV/1002_IWL_HAP_XX.wav,cremad,happy,angry,0,0.3467975923935937,0.3120233055935698,0.2512725035110838,0.08990659850175284
/workspace/datasets/cremad/AudioWAV/1002_IWL_NEU_XX.wav,cremad,neutral,neutral,2,0.1917150469591358,0.21400034890472774,0.3293540158047497,0.26493058833138683
/workspace/datasets/cremad/AudioWAV/1002_IWL_SAD_XX.wav,cremad,sad,neutral,2,0.1756962943678468,0.28037500934919,0.3450849342722214,0.19884376201074172
/workspace/datasets/cremad/AudioWAV/1002_IWW_ANG_XX.wav,cremad,angry,angry,0,0.3787146299481271,0.2839203285361117,0.24461853803007994,0.09274650348568123
/workspace/datasets/cremad/AudioWAV/1002_IWW_HAP_XX.wav,cremad,happy,angry,0,0.36037800006754783,0.3220538339225041,0.2474842258174123,0.07008394019253587
/workspace/datasets/cremad/AudioWAV/1002_IWW_NEU_XX.wav,cremad,neutral,angry,0,0.2879796882777244,0.25058450336220345,0.2394040491472467,0.2220317592128256
/workspace/datasets/cremad/AudioWAV/1002_IWW_SAD_XX.wav,cremad,sad,happy,1,0.15652751029092896,0.3077423849955678,0.2728768946616992,0.26285321005180406
/workspace/datasets/cremad/AudioWAV/1002_MTI_ANG_XX.wav,cremad,angry,happy,1,0.32975971291819867,0.33547243349664596,0.25282351977637235,0.08194433380878284
/workspace/datasets/cremad/AudioWAV/1002_MTI_HAP_XX.wav,cremad,happy,angry,0,0.34897405019020655,0.318562624169097,0.2391027161043795,0.09336060953631671
/workspace/datasets/cremad/AudioWAV/1002_MTI_NEU_XX.wav,cremad,neutral,neutral,2,0.13996866585851891,0.2412231471101353,0.3237387887203905,0.29506939831095536
/workspace/datasets/cremad/AudioWAV/1002_MTI_SAD_XX.wav,cremad,sad,sad,3,0.1626811230043429,0.28683130240185295,0.2570625892558886,0.2934249853379158
/workspace/datasets/cremad/AudioWAV/1002_TAI_ANG_XX.wav,cremad,angry,angry,0,0.37159882166859376,0.3126737183207097,0.23402293038579688,0.08170452962489952
/workspace/datasets/cremad/AudioWAV/1002_TAI_HAP_XX.wav,cremad,happy,angry,0,0.4432350322465728,0.24399543055106904,0.20634183504531,0.10642770215704811
/workspace/datasets/cremad/AudioWAV/1002_TAI_NEU_XX.wav,cremad,neutral,sad,3,0.17956510176247886,0.24831990344657812,0.2456639083435079,0.32645108644743503
/workspace/datasets/cremad/AudioWAV/1002_TAI_SAD_XX.wav,cremad,sad,neutral,2,0.2028985996946807,0.2554385490739387,0.27523875230926625,0.2664240989221145
/workspace/datasets/cremad/AudioWAV/1002_TIE_ANG_XX.wav,cremad,angry,angry,0,0.41569998358157695,0.32599583165576,0.18236369353236995,0.07594049123029284
/workspace/datasets/cremad/AudioWAV/1002_TIE_HAP_XX.wav,cremad,happy,angry,0,0.36913754803779986,0.36406135261486583,0.17871006572030104,0.08809103362703369
/workspace/datasets/cremad/AudioWAV/1002_TIE_SAD_XX.wav,cremad,sad,angry,0,0.38233047271526127,0.28375097512757247,0.2630621384487659,0.07085641370840064
/workspace/datasets/cremad/AudioWAV/1002_TSI_ANG_XX.wav,cremad,angry,angry,0,0.38885657019663133,0.31809137240452023,0.22367149285664437,0.06938056454220413
/workspace/datasets/cremad/AudioWAV/1002_TSI_HAP_XX.wav,cremad,happy,happy,1,0.3108745018043619,0.31939371761693114,0.286743705634929,0.08298807494377802
/workspace/datasets/cremad/AudioWAV/1002_TSI_NEU_XX.wav,cremad,neutral,neutral,2,0.1800528060196197,0.27062106260300994,0.29331474593235346,0.2560113854450168
/workspace/datasets/cremad/AudioWAV/1002_TSI_SAD_XX.wav,cremad,sad,neutral,2,0.14924181001850897,0.26051263448305323,0.3009351479490359,0.28931040754940196
/workspace/datasets/cremad/AudioWAV/1002_WSI_ANG_XX.wav,cremad,angry,angry,0,0.39182721501510187,0.3149586236697053,0.21754856612348944,0.07566559519170346
/workspace/datasets/cremad/AudioWAV/1002_WSI_HAP_XX.wav,cremad,happy,angry,0,0.340134139011814,0.30580150121386634,0.25643516367703517,0.09762919609728464
/workspace/datasets/cremad/AudioWAV/1002_WSI_NEU_XX.wav,cremad,neutral,angry,0,0.3007802202172272,0.25033546670228934,0.2545206960770657,0.19436361700341784
/workspace/datasets/cremad/AudioWAV/1002_WSI_SAD_XX.wav,cremad,sad,sad,3,0.19109529309264267,0.254136981819812,0.27076362441310525,0.2840041006744403
/workspace/datasets/cremad/AudioWAV/1003_DFA_ANG_XX.wav,cremad,angry,angry,0,0.4234811362103503,0.27627438193359277,0.2109871520634895,0.08925732979256759
/workspace/datasets/cremad/AudioWAV/1003_DFA_HAP_XX.wav,cremad,happy,happy,1,0.27629542675632196,0.3374902396748547,0.2841565042960058,0.10205782927281756
/workspace/datasets/cremad/AudioWAV/1003_DFA_NEU_XX.wav,cremad,neutral,angry,0,0.37128438446394946,0.21956888151438236,0.2638846188645051,0.14526211515716328
/workspace/datasets/cremad/AudioWAV/1003_DFA_SAD_XX.wav,cremad,sad,neutral,2,0.14795090843153258,0.2799922457802147,0.28862910416608073,0.283427741622172
/workspace/datasets/cremad/AudioWAV/1003_IEO_ANG_HI.wav,cremad,angry,angry,0,0.4151448294600379,0.3239572530119073,0.19653924043829515,0.06435867708975995
/workspace/datasets/cremad/AudioWAV/1003_IEO_ANG_LO.wav,cremad,angry,angry,0,0.32747495415452404,0.2719193242120023,0.29257247435908146,0.10803324727439208
/workspace/datasets/cremad/AudioWAV/1003_IEO_ANG_MD.wav,cremad,angry,happy,1,0.32173335312714046,0.35660514504245655,0.23179771179779227,0.08986379003261064
/workspace/datasets/cremad/AudioWAV/1003_IEO_HAP_HI.wav,cremad,happy,neutral,2,0.279749273019149,0.2874049741120007,0.31164352728305655,0.1212022255857939
/workspace/datasets/cremad/AudioWAV/1003_IEO_HAP_LO.wav,cremad,happy,neutral,2,0.1941473908399492,0.27661076034840376,0.2993226237973016,0.22991922501434559
/workspace/datasets/cremad/AudioWAV/1003_IEO_HAP_MD.wav,cremad,happy,happy,1,0.2808399128815563,0.3438379914102885,0.2749292777032056,0.1003928180049498
/workspace/datasets/cremad/AudioWAV/1003_IEO_NEU_XX.wav,cremad,neutral,neutral,2,0.1696911118915146,0.27292866680870964,0.32114027016385227,0.2362399511359232
/workspace/datasets/cremad/AudioWAV/1003_IEO_SAD_HI.wav,cremad,sad,sad,3,0.16097314483179212,0.20846021520366592,0.2898075730047475,0.34075906695979435
/workspace/datasets/cremad/AudioWAV/1003_IEO_SAD_LO.wav,cremad,sad,sad,3,0.11533517416668163,0.17666980157363837,0.2827554127316711,0.42523961152800893
/workspace/datasets/cremad/AudioWAV/1003_IEO_SAD_MD.wav,cremad,sad,sad,3,0.11878283843578495,0.19838221493711225,0.2989740759403491,0.3838608706867538
/workspace/datasets/cremad/AudioWAV/1003_IOM_ANG_XX.wav,cremad,angry,angry,0,0.49187911101296405,0.27421476791877214,0.17022572036085734,0.06368040070740656
/workspace/datasets/cremad/AudioWAV/1003_IOM_HAP_XX.wav,cremad,happy,neutral,2,0.24948197846224096,0.31946316379791534,0.3213973700965224,0.10965748764332131
/workspace/datasets/cremad/AudioWAV/1003_IOM_NEU_XX.wav,cremad,neutral,happy,1,0.3140300201603869,0.3327135990577439,0.27363108522339874,0.07962529555847059
/workspace/datasets/cremad/AudioWAV/1003_IOM_SAD_XX.wav,cremad,sad,neutral,2,0.15313609166583983,0.22619132245910584,0.3458434183856569,0.2748291674893975
/workspace/datasets/cremad/AudioWAV/1003_ITH_ANG_XX.wav,cremad,angry,angry,0,0.36760485114556896,0.3609728306165338,0.18947968597227963,0.08194263226561761
/workspace/datasets/cremad/AudioWAV/1003_ITH_HAP_XX.wav,cremad,happy,angry,0,0.3404674576792408,0.30514649296381285,0.25518713565807505,0.09919891369887107
/workspace/datasets/cremad/AudioWAV/1003_ITH_NEU_XX.wav,cremad,neutral,happy,1,0.25720149879815773,0.33789676663330587,0.3048139317809429,0.10008780278759338
/workspace/datasets/cremad/AudioWAV/1003_ITH_SAD_XX.wav,cremad,sad,happy,1,0.22134879510945932,0.28264781080463597,0.2602366401113337,0.23576675397457109
/workspace/datasets/cremad/AudioWAV/1003_ITS_ANG_XX.wav,cremad,angry,angry,0,0.38655392985247056,0.32143798892324726,0.17697998277995453,0.11502809844432788
/workspace/datasets/cremad/AudioWAV/1003_ITS_HAP_XX.wav,cremad,happy,angry,0,0.37680041619427007,0.3067797542773457,0.199965072657129,0.11645475687125527
/workspace/datasets/cremad/AudioWAV/1003_ITS_NEU_XX.wav,cremad,neutral,happy,1,0.22812906466967814,0.29008394958917166,0.24582168035336568,0.23596530538778493
/workspace/datasets/cremad/AudioWAV/1003_ITS_SAD_XX.wav,cremad,sad,sad,3,0.15448641152552928,0.2620034807997894,0.26128870342021426,0.32222140425446694
/workspace/datasets/cremad/AudioWAV/1003_IWL_ANG_XX.wav,cremad,angry,angry,0,0.42195106905472907,0.3560394805821209,0.16831123704018147,0.05369821332296833
/workspace/datasets/cremad/AudioWAV/1003_IWL_HAP_XX.wav,cremad,happy,happy,1,0.3020511588340534,0.36617379226405283,0.25374230086328176,0.0780327480386119
/workspace/datasets/cremad/AudioWAV/1003_IWL_NEU_XX.wav,cremad,neutral,happy,1,0.32965531661733793,0.333531221862245,0.24588006069751256,0.0909334008229044
/workspace/datasets/cremad/AudioWAV/1003_IWL_SAD_XX.wav,cremad,sad,neutral,2,0.23036375370642745,0.2555415304210458,0.32537306279694683,0.1887216530755798
/workspace/datasets/cremad/AudioWAV/1003_IWW_ANG_XX.wav,cremad,angry,happy,1,0.23320660097789023,0.4715875818239333,0.21819440837809953,0.07701140882007687
/workspace/datasets/cremad/AudioWAV/1003_IWW_HAP_XX.wav,cremad,happy,happy,1,0.31855188069311186,0.3466428521173479,0.25376220972130376,0.0810430574682365
/workspace/datasets/cremad/AudioWAV/1003_IWW_NEU_XX.wav,cremad,neutral,neutral,2,0.2335283392222803,0.2653547155503369,0.3059670951805471,0.19514985004683577
/workspace/datasets/cremad/AudioWAV/1003_IWW_SAD_XX.wav,cremad,sad,neutral,2,0.10259217510595402,0.24010156055309959,0.336569965694699,0.3207362986462476
/workspace/datasets/cremad/AudioWAV/1003_MTI_ANG_XX.wav,cremad,angry,angry,0,0.40466244952294905,0.32136603156639265,0.19101627843934757,0.08295524047131066
/workspace/datasets/cremad/AudioWAV/1003_MTI_HAP_XX.wav,cremad,happy,happy,1,0.30546959459326944,0.32194203837168694,0.2720886598187224,0.10049970721632148
/workspace/datasets/cremad/AudioWAV/1003_MTI_NEU_XX.wav,cremad,neutral,happy,1,0.22430549217115026,0.3458411620852439,0.2487669492077888,0.18108639653581707
/workspace/datasets/cremad/AudioWAV/1003_MTI_SAD_XX.wav,cremad,sad,happy,1,0.1746209634290537,0.3528757237926536,0.29276308849271837,0.1797402242855745
/workspace/datasets/cremad/AudioWAV/1003_TAI_ANG_XX.wav,cremad,angry,happy,1,0.3496664365629964,0.3865744341649787,0.20213452163350623,0.06162460763851867
/workspace/datasets/cremad/AudioWAV/1003_TAI_HAP_XX.wav,cremad,happy,angry,0,0.4337991938597186,0.27437416130615144,0.22487711486684245,0.06694952996728774
/workspace/datasets/cremad/AudioWAV/1003_TAI_NEU_XX.wav,cremad,neutral,angry,0,0.30909799592760895,0.2669301741240031,0.30875355990443787,0.11521827004395023
/workspace/datasets/cremad/AudioWAV/1003_TAI_SAD_XX.wav,cremad,sad,neutral,2,0.28117693608650973,0.26785493788554954,0.28978229818394047,0.16118582784400023
/workspace/datasets/cremad/AudioWAV/1003_TIE_ANG_XX.wav,cremad,angry,angry,0,0.4655625876311172,0.2484524339493694,0.20010043073538683,0.08588454768412675
/workspace/datasets/cremad/AudioWAV/1003_TIE_HAP_XX.wav,cremad,happy,angry,0,0.29841377455473045,0.283109942275686,0.28394936114464997,0.13452692202493366
/workspace/datasets/cremad/AudioWAV/1003_TIE_NEU_XX.wav,cremad,neutral,happy,1,0.22713534840164365,0.3323969692720912,0.33040512072069256,0.11006256160557264
/workspace/datasets/cremad/AudioWAV/1003_TIE_SAD_XX.wav,cremad,sad,sad,3,0.19812718911643276,0.2557851139258367,0.2659296981358339,0.2801579988218966
/workspace/datasets/cremad/AudioWAV/1003_TSI_ANG_XX.wav,cremad,angry,angry,0,0.34860228591680525,0.338737027488161,0.18842445701303576,0.12423622958199809
/workspace/datasets/cremad/AudioWAV/1003_TSI_HAP_XX.wav,cremad,happy,happy,1,0.2948206357482587,0.3190457679615984,0.21504327604861256,0.1710903202415306
/workspace/datasets/cremad/AudioWAV/1003_TSI_NEU_XX.wav,cremad,neutral,happy,1,0.23243523410809405,0.31432455355995875,0.2493334796823371,0.20390673264961023
/workspace/datasets/cremad/AudioWAV/1003_TSI_SAD_XX.wav,cremad,sad,sad,3,0.12898644376948026,0.2560494069959802,0.29385177398918944,0.3211123752453502
/workspace/datasets/cremad/AudioWAV/1003_WSI_ANG_XX.wav,cremad,angry,angry,0,0.45396375764038377,0.33041736537302413,0.14319259413053273,0.07242628285605927
/workspace/datasets/cremad/AudioWAV/1003_WSI_HAP_XX.wav,cremad,happy,angry,0,0.3451706022858874,0.3115989867587252,0.22528524358821986,0.11794516736716759
/workspace/datasets/cremad/AudioWAV/1003_WSI_NEU_XX.wav,cremad,neutral,happy,1,0.25652037228524527,0.3292451206517519,0.26140387334516957,0.15283063371783343
/workspace/datasets/cremad/AudioWAV/1003_WSI_SAD_XX.wav,cremad,sad,happy,1,0.15807999056614302,0.3081531661133669,0.2946664385937737,0.2391004047267165
/workspace/datasets/cremad/AudioWAV/1004_DFA_ANG_XX.wav,cremad,angry,angry,0,0.47889796376263083,0.2620039842894977,0.2051891590745701,0.053908892873301334
/workspace/datasets/cremad/AudioWAV/1004_DFA_HAP_XX.wav,cremad,happy,neutral,2,0.2680802597598687,0.31975699056431084,0.35250183081298075,0.059660918862839696
/workspace/datasets/cremad/AudioWAV/1004_DFA_NEU_XX.wav,cremad,neutral,angry,0,0.35788030481896904,0.23458598774771133,0.2770886603617359,0.13044504707158366
/workspace/datasets/cremad/AudioWAV/1004_DFA_SAD_XX.wav,cremad,sad,neutral,2,0.16703847771903377,0.19548501102018792,0.323879129742754,0.3135973815180242
/workspace/datasets/cremad/AudioWAV/1004_IEO_ANG_HI.wav,cremad,angry,angry,0,0.44514811524964853,0.342383294079437,0.1330123653265862,0.07945622534432828
/workspace/datasets/cremad/AudioWAV/1004_IEO_ANG_LO.wav,cremad,angry,angry,0,0.392299170499748,0.21892673620071565,0.28568395116279877,0.10309014213673756
/workspace/datasets/cremad/AudioWAV/1004_IEO_ANG_MD.wav,cremad,angry,angry,0,0.3792137115665304,0.3335678795296492,0.18724789474770415,0.09997051415611623
/workspace/datasets/cremad/AudioWAV/1004_IEO_HAP_HI.wav,cremad,happy,angry,0,0.398338980026546,0.3194486271615783,0.20323186723081435,0.07898052558106156
/workspace/datasets/cremad/AudioWAV/1004_IEO_HAP_LO.wav,cremad,happy,neutral,2,0.1916512170283728,0.2527279211095406,0.32389944924083336,0.23172141262125334
/workspace/datasets/cremad/AudioWAV/1004_IEO_HAP_MD.wav,cremad,happy,angry,0,0.3913723617382835,0.29455038393259053,0.2267085084507745,0.08736874587835158
/workspace/datasets/cremad/AudioWAV/1004_IEO_NEU_XX.wav,cremad,neutral,neutral,2,0.1857482369374458,0.2459409933953182,0.3080679736474784,0.26024279601975775
/workspace/datasets/cremad/AudioWAV/1004_IEO_SAD_HI.wav,cremad,sad,sad,3,0.15730723550955114,0.26827288022111895,0.2624217752284252,0.31199810904090497
/workspace/datasets/cremad/AudioWAV/1004_IEO_SAD_LO.wav,cremad,sad,neutral,2,0.1319577114136411,0.26037411222120194,0.3185757401296215,0.2890924362355356
/workspace/datasets/cremad/AudioWAV/1004_IEO_SAD_MD.wav,cremad,sad,sad,3,0.1284330754828805,0.22797297853642776,0.30153756881804006,0.34205637716265175
/workspace/datasets/cremad/AudioWAV/1004_IOM_ANG_XX.wav,cremad,angry,angry,0,0.4543672705436851,0.1908528848922106,0.24186326537426484,0.11291657918983951
/workspace/datasets/cremad/AudioWAV/1004_IOM_HAP_XX.wav,cremad,happy,neutral,2,0.2627141747751373,0.31193867710200485,0.34523277824964205,0.08011436987321599
/workspace/datasets/cremad/AudioWAV/1004_IOM_NEU_XX.wav,cremad,neutral,neutral,2,0.19602053525576676,0.22431083281520603,0.3045708490133616,0.2750977829156656
/workspace/datasets/cremad/AudioWAV/1004_IOM_SAD_XX.wav,cremad,sad,neutral,2,0.1492791391502591,0.2557359206779693,0.35657875625899715,0.2384061839127745
/workspace/datasets/cremad/AudioWAV/1004_ITH_ANG_XX.wav,cremad,angry,angry,0,0.450212228115566,0.2329741588649394,0.23578314707043022,0.08103046594906442
/workspace/datasets/cremad/AudioWAV/1004_ITH_HAP_XX.wav,cremad,happy,angry,0,0.3431975114573768,0.25859267236627426,0.24751399015168377,0.15069582602466508
/workspace/datasets/cremad/AudioWAV/1004_ITH_NEU_XX.wav,cremad,neutral,angry,0,0.35971082340519345,0.2747440837330729,0.16329910728542554,0.20224598557630816
/workspace/datasets/cremad/AudioWAV/1004_ITH_SAD_XX.wav,cremad,sad,sad,3,0.14935115143777392,0.2088545711410924,0.30900438497637556,0.33278989244475804
/workspace/datasets/cremad/AudioWAV/1004_ITS_ANG_XX.wav,cremad,angry,angry,0,0.46531692818275333,0.28433376392087295,0.16063270076498534,0.08971660713138847
/workspace/datasets/cremad/AudioWAV/1004_ITS_HAP_XX.wav,cremad,happy,angry,0,0.31315784856965345,0.27289929130259544,0.2487952425654415,0.16514761756230953
/workspace/datasets/cremad/AudioWAV/1004_ITS_NEU_XX.wav,cremad,neutral,angry,0,0.3276689579539167,0.27861684427784367,0.26036864620430933,0.13334555156393027
/workspace/datasets/cremad/AudioWAV/1004_ITS_SAD_XX.wav,cremad,sad,neutral,2,0.21993604770377734,0.2286061080157081,0.2884192954574529,0.2630385488230619
/workspace/datasets/cremad/AudioWAV/1004_IWL_ANG_XX.wav,cremad,angry,angry,0,0.49122174218507664,0.2733652048931884,0.1842888540646355,0.05112419885709946
/workspace/datasets/cremad/AudioWAV/1004_IWL_HAP_XX.wav,cremad,happy,happy,1,0.26026152211771003,0.39537149103924435,0.2402699795813028,0.10409700726174265
/workspace/datasets/cremad/AudioWAV/1004_IWL_NEU_XX.wav,cremad,neutral,angry,0,0.2962678875232411,0.2956334822820508,0.2732133869179697,0.1348852432767385
/workspace/datasets/cremad/AudioWAV/1004_IWL_SAD_XX.wav,cremad,sad,angry,0,0.35276976450969044,0.3017499776322262,0.24469518676819746,0.10078507108988574
/workspace/datasets/cremad/AudioWAV/1004_IWW_ANG_XX.wav,cremad,angry,angry,0,0.38654728338849537,0.20665851565694082,0.29105877057805873,0.11573543037650508
/workspace/datasets/cremad/AudioWAV/1004_IWW_HAP_XX.wav,cremad,happy,neutral,2,0.16983633563532075,0.2609267420557837,0.325727784172892,0.2435091381360036
/workspace/datasets/cremad/AudioWAV/1004_IWW_NEU_XX.wav,cremad,neutral,neutral,2,0.1656095830105253,0.2570000025897963,0.34047095967341073,0.23691945472626771
/workspace/datasets/cremad/AudioWAV/1004_IWW_SAD_XX.wav,cremad,sad,sad,3,0.16943131367885808,0.2400670678549325,0.267108012624603,0.3233936058416064
/workspace/datasets/cremad/AudioWAV/1004_MTI_ANG_XX.wav,cremad,angry,angry,0,0.4176937294931802,0.2532510708822209,0.23147612521603741,0.09757907440856178
/workspace/datasets/cremad/AudioWAV/1004_MTI_HAP_XX.wav,cremad,happy,neutral,2,0.1957100591910218,0.19184133953137664,0.3541794876196609,0.25826911365794064
/workspace/datasets/cremad/AudioWAV/1004_MTI_NEU_XX.wav,cremad,neutral,happy,1,0.27333908154303355,0.3040842922923781,0.2533936502874983,0.16918297587708991
/workspace/datasets/cremad/AudioWAV/1004_MTI_SAD_XX.wav,cremad,sad,sad,3,0.1206072806116362,0.22001374166908963,0.30733985877032044,0.3520391189489538
/workspace/datasets/cremad/AudioWAV/1004_TAI_ANG_XX.wav,cremad,angry,angry,0,0.4211984796828411,0.2627677462348239,0.26738547727946427,0.048648296802871006
/workspace/datasets/cremad/AudioWAV/1004_TAI_HAP_XX.wav,cremad,happy,neutral,2,0.21387568400013998,0.25367187542135566,0.2745505833582013,0.2579018572203031
/workspace/datasets/cremad/AudioWAV/1004_TAI_NEU_XX.wav,cremad,neutral,happy,1,0.3027920970752386,0.30426737266688386,0.2464889894290399,0.14645154082883777
/workspace/datasets/cremad/AudioWAV/1004_TAI_SAD_XX.wav,cremad,sad,neutral,2,0.18953949999198272,0.2100218554853938,0.31534944549276467,0.28508919902985885
/workspace/datasets/cremad/AudioWAV/1004_TIE_ANG_XX.wav,cremad,angry,angry,0,0.5055338345176282,0.2418036513802322,0.19124501014768838,0.061417503954451204
/workspace/datasets/cremad/AudioWAV/1004_TIE_HAP_XX.wav,cremad,happy,angry,0,0.4258443005758425,0.20890971341097633,0.3009276793826231,0.06431830663055832
/workspace/datasets/cremad/AudioWAV/1004_TIE_NEU_XX.wav,cremad,neutral,neutral,2,0.1864889604318739,0.21281730999794032,0.3399474295561435,0.26074630001404225
/workspace/datasets/cremad/AudioWAV/1004_TIE_SAD_XX.wav,cremad,sad,sad,3,0.1751057864751062,0.19060703941280263,0.3110869861902828,0.3232001879218083
/workspace/datasets/cremad/AudioWAV/1004_TSI_ANG_XX.wav,cremad,angry,angry,0,0.41743677350057923,0.29528020519399045,0.20514659874917526,0.08213642255625482
/workspace/datasets/cremad/AudioWAV/1004_TSI_HAP_XX.wav,cremad,happy,angry,0,0.3149018295034756,0.2785325655139978,0.2514135104176385,0.1551520945648882
/workspace/datasets/cremad/AudioWAV/1004_TSI_NEU_XX.wav,cremad,neutral,angry,0,0.38103855068268916,0.2850938381497683,0.23127692040747955,0.10259069076006305
/workspace/datasets/cremad/AudioWAV/1004_TSI_SAD_XX.wav,cremad,sad,sad,3,0.1600350871755422,0.23006674567525653,0.25964354650651367,0.3502546206426876
/workspace/datasets/cremad/AudioWAV/1004_WSI_ANG_XX.wav,cremad,angry,angry,0,0.4772865121194521,0.2883948403564143,0.16547992396327146,0.06883872356086208
/workspace/datasets/cremad/AudioWAV/1004_WSI_HAP_XX.wav,cremad,happy,angry,0,0.3580421073181278,0.3054260393444336,0.24615431573334365,0.09037753760409512
/workspace/datasets/cremad/AudioWAV/1004_WSI_NEU_XX.wav,cremad,neutral,happy,1,0.28815410374007216,0.3096853875324761,0.2982374087955316,0.10392309993192024
/workspace/datasets/cremad/AudioWAV/1004_WSI_SAD_XX.wav,cremad,sad,sad,3,0.14638375113367574,0.1947509523888367,0.23846261942396424,0.42040267705352347
/workspace/datasets/cremad/AudioWAV/1005_DFA_ANG_XX.wav,cremad,angry,angry,0,0.38859243647286434,0.25554017475773816,0.2580546685142751,0.09781272025512248
/workspace/datasets/cremad/AudioWAV/1005_DFA_HAP_XX.wav,cremad,happy,angry,0,0.38367075474860796,0.2768823080102024,0.2614460445414238,0.07800089269976593
/workspace/datasets/cremad/AudioWAV/1005_DFA_NEU_XX.wav,cremad,neutral,neutral,2,0.268783121116973,0.31656082490347726,0.32687486030307816,0.08778119367647155
/workspace/datasets/cremad/AudioWAV/1005_DFA_SAD_XX.wav,cremad,sad,neutral,2,0.16473226049973294,0.2994632325090133,0.31014554302848407,0.22565896396276985
/workspace/datasets/cremad/AudioWAV/1005_IEO_ANG_HI.wav,cremad,angry,angry,0,0.41380851528322554,0.27729868145589665,0.2320791737736729,0.07681362948720498
/workspace/datasets/cremad/AudioWAV/1005_IEO_ANG_LO.wav,cremad,angry,neutral,2,0.27191525098881425,0.20900336673702433,0.3843483728576694,0.13473300941649202
/workspace/datasets/cremad/AudioWAV/1005_IEO_ANG_MD.wav,cremad,angry,neutral,2,0.2898217057384298,0.2706717848371529,0.30717254682186795,0.13233396260254934
/workspace/datasets/cremad/AudioWAV/1005_IEO_HAP_HI.wav,cremad,happy,angry,0,0.33801556945888067,0.27890501282686087,0.2473115047337,0.13576791298055874
/workspace/datasets/cremad/AudioWAV/1005_IEO_HAP_LO.wav,cremad,happy,neutral,2,0.15998005684988464,0.2299815517915469,0.31699393021479316,0.2930444611437753
/workspace/datasets/cremad/AudioWAV/1005_IEO_HAP_MD.wav,cremad,happy,neutral,2,0.22660044214317782,0.2857813975388412,0.31432833353983436,0.17328982677814644
/workspace/datasets/cremad/AudioWAV/1005_IEO_NEU_XX.wav,cremad,neutral,neutral,2,0.15089452413299176,0.23788905618454406,0.33096157368521284,0.28025484599725137
/workspace/datasets/cremad/AudioWAV/1005_IEO_SAD_HI.wav,cremad,sad,neutral,2,0.19410698430871481,0.27496030605046945,0.30111257510422773,0.22982013453658787
/workspace/datasets/cremad/AudioWAV/1005_IEO_SAD_LO.wav,cremad,sad,neutral,2,0.11947895244606699,0.21912703931880112,0.34894929024420457,0.3124447179909275
/workspace/datasets/cremad/AudioWAV/1005_IEO_SAD_MD.wav,cremad,sad,neutral,2,0.18541000612264658,0.23511315175523148,0.30703839794626675,0.2724384441758552
/workspace/datasets/cremad/AudioWAV/1005_IOM_ANG_XX.wav,cremad,angry,angry,0,0.41739749871203324,0.29586193472020034,0.21608987509737887,0.07065069147038755
/workspace/datasets/cremad/AudioWAV/1005_IOM_HAP_XX.wav,cremad,happy,happy,1,0.28585775476428366,0.3120121001019727,0.29658200301033355,0.10554814212341006
/workspace/datasets/cremad/AudioWAV/1005_IOM_NEU_XX.wav,cremad,neutral,neutral,2,0.12680523752123013,0.2587796293893139,0.39573238700954844,0.21868274607990748
/workspace/datasets/cremad/AudioWAV/1005_IOM_SAD_XX.wav,cremad,sad,neutral,2,0.1283558289751463,0.2608302839676487,0.35242590094094906,0.2583879861162561
/workspace/datasets/cremad/AudioWAV/1005_ITH_ANG_XX.wav,cremad,angry,angry,0,0.36793014326934453,0.2890619605985195,0.24237778634159768,0.10063010979053835
/workspace/datasets/cremad/AudioWAV/1005_ITH_HAP_XX.wav,cremad,happy,happy,1,0.2345840489797945,0.38217080377622104,0.3275641661295783,0.05568098111440625
/workspace/datasets/cremad/AudioWAV/1005_ITH_NEU_XX.wav,cremad,neutral,happy,1,0.2502924193114838,0.34392224750847694,0.2910442372358852,0.11474109594415424
/workspace/datasets/cremad/AudioWAV/1005_ITH_SAD_XX.wav,cremad,sad,neutral,2,0.17523825227789713,0.2685950998034834,0.32282136958612023,0.23334527833249935
/workspace/datasets/cremad/AudioWAV/1005_ITS_ANG_XX.wav,cremad,angry,angry,0,0.3891985642409654,0.3717688633835464,0.16709822818775538,0.07193434418773278
/workspace/datasets/cremad/AudioWAV/1005_ITS_HAP_XX.wav,cremad,happy,angry,0,0.441727408340658,0.2819933638609288,0.18287529087494647,0.09340393692346703
/workspace/datasets/cremad/AudioWAV/1005_ITS_NEU_XX.wav,cremad,neutral,happy,1,0.2630447497429602,0.3986879985367662,0.20881698834373894,0.12945026337653467
/workspace/datasets/cremad/AudioWAV/1005_ITS_SAD_XX.wav,cremad,sad,happy,1,0.27033524524348596,0.34785808181208366,0.3005070688960955,0.08129960404833488
/workspace/datasets/cremad/AudioWAV/1005_IWL_ANG_XX.wav,cremad,angry,happy,1,0.28615036934249277,0.34813583345755367,0.25889194791192033,0.10682184928803327
/workspace/datasets/cremad/AudioWAV/1005_IWL_HAP_XX.wav,cremad,happy,happy,1,0.2250508004278994,0.3411300813058429,0.3208411196766733,0.11297799858958468
/workspace/datasets/cremad/AudioWAV/1005_IWL_NEU_XX.wav,cremad,neutral,neutral,2,0.14159697463432674,0.3097133809811118,0.4235058998309458,0.12518374455361575
/workspace/datasets/cremad/AudioWAV/1005_IWL_SAD_XX.wav,cremad,sad,neutral,2,0.17640363359747915,0.23910950620854174,0.4071197384965146,0.17736712169746446
/workspace/datasets/cremad/AudioWAV/1005_IWW_ANG_XX.wav,cremad,angry,neutral,2,0.1830321792001283,0.239835818317668,0.35103659433853684,0.2260954081436669
/workspace/datasets/cremad/AudioWAV/1005_IWW_HAP_XX.wav,cremad,happy,happy,1,0.24575465055587586,0.2939308912454287,0.2924096186154976,0.16790483958319805
/workspace/datasets/cremad/AudioWAV/1005_IWW_NEU_XX.wav,cremad,neutral,neutral,2,0.1646708870563257,0.2600441069950681,0.3509122682617483,0.22437273768685778
/workspace/datasets/cremad/AudioWAV/1005_IWW_SAD_XX.wav,cremad,sad,neutral,2,0.16664027648815377,0.22598226131676907,0.36973064227063795,0.23764681992443942
/workspace/datasets/cremad/AudioWAV/1005_MTI_ANG_XX.wav,cremad,angry,happy,1,0.26840598503401936,0.3713781052928894,0.2694005035818904,0.0908154060912007
/workspace/datasets/cremad/AudioWAV/1005_MTI_HAP_XX.wav,cremad,happy,neutral,2,0.3192282403857908,0.2667994493063205,0.32814457539432346,0.08582773491356523
/workspace/datasets/cremad/AudioWAV/1005_MTI_NEU_XX.wav,cremad,neutral,neutral,2,0.13734590635776145,0.30187995019759417,0.37473500706298557,0.18603913638165875
/workspace/datasets/cremad/AudioWAV/1005_MTI_SAD_XX.wav,cremad,sad,neutral,2,0.17276331033382447,0.2543777910386236,0.4121141340647542,0.16074476456279782
/workspace/datasets/cremad/AudioWAV/1005_TAI_ANG_XX.wav,cremad,angry,happy,1,0.3263920901575979,0.3822419039644277,0.2057111660487672,0.0856548398292071
/workspace/datasets/cremad/AudioWAV/1005_TAI_HAP_XX.wav,cremad,happy,happy,1,0.23940481570437588,0.3117543854640912,0.27722445730573425,0.1716163415257985
/workspace/datasets/cremad/AudioWAV/1005_TAI_NEU_XX.wav,cremad,neutral,happy,1,0.16437450205767018,0.3223758902293077,0.2899259333158477,0.22332367439717427
