file_path,dataset,label,pred_label,pred_label_enc,proba_angry,proba_happy,proba_neutral,proba_sad
/workspace/datasets/cremad/AudioWAV/1001_DFA_ANG_XX.wav,cremad,angry,angry,0,0.7361078162599288,0.1293525451584273,0.13253321177585226,0.0020064268057915498
/workspace/datasets/cremad/AudioWAV/1001_DFA_HAP_XX.wav,cremad,happy,angry,0,0.7381545833267635,0.1673266829102503,0.09191039176571855,0.0026083419972676544
/workspace/datasets/cremad/AudioWAV/1001_DFA_NEU_XX.wav,cremad,neutral,angry,0,0.5647868683745325,0.2492573464138297,0.17837095071834405,0.007584834493293654
/workspace/datasets/cremad/AudioWAV/1001_DFA_SAD_XX.wav,cremad,sad,happy,1,0.1813941173717726,0.5089529257967429,0.2274247816355853,0.08222817519589908
/workspace/datasets/cremad/AudioWAV/1001_IEO_ANG_HI.wav,cremad,angry,angry,0,0.944554391820655,0.025415060927385068,0.02609543867440816,0.00393510857755174
/workspace/datasets/cremad/AudioWAV/1001_IEO_ANG_LO.wav,cremad,angry,angry,0,0.5094877536503174,0.23439757919182702,0.2485789971117579,0.00753567004609778
/workspace/datasets/cremad/AudioWAV/1001_IEO_ANG_MD.wav,cremad,angry,angry,0,0.4795083498352472,0.3075338660855946,0.20369711919062172,0.009260664888536335
/workspace/datasets/cremad/AudioWAV/1001_IEO_HAP_HI.wav,cremad,happy,angry,0,0.7733141401118624,0.13822237562197234,0.08265725028475879,0.005806233981406457
/workspace/datasets/cremad/AudioWAV/1001_IEO_HAP_LO.wav,cremad,happy,neutral,2,0.1459476508970642,0.11190239087851456,0.7393560101911424,0.0027939480332788993
/workspace/datasets/cremad/AudioWAV/1001_IEO_HAP_MD.wav,cremad,happy,angry,0,0.638678281142811,0.07552710687441568,0.27155781874020685,0.014236793242566716
/workspace/datasets/cremad/AudioWAV/1001_IEO_NEU_XX.wav,cremad,neutral,happy,1,0.0514482502885154,0.6460639983988845,0.28528925546583095,0.01719849584676913
/workspace/datasets/cremad/AudioWAV/1001_IEO_SAD_HI.wav,cremad,sad,happy,1,0.04546409812671737,0.6846489888166931,0.1599231889811655,0.109963724075424
/workspace/datasets/cremad/AudioWAV/1001_IEO_SAD_LO.wav,cremad,sad,happy,1,0.033808436980155045,0.56492239177564,0.2527289404592843,0.14854023078492065
/workspace/datasets/cremad/AudioWAV/1001_IEO_SAD_MD.wav,cremad,sad,happy,1,0.0343705046631582,0.514694805513479,0.3201157208473391,0.13081896897602374
/workspace/datasets/cremad/AudioWAV/1001_IOM_ANG_XX.wav,cremad,angry,neutral,2,0.174421205073718,0.22403786705182546,0.5984412884858745,0.0030996393885821096
/workspace/datasets/cremad/AudioWAV/1001_IOM_HAP_XX.wav,cremad,happy,happy,1,0.21981599087210726,0.5649053878285232,0.2126288318093974,0.0026497894899720005
/workspace/datasets/cremad/AudioWAV/1001_IOM_NEU_XX.wav,cremad,neutral,happy,1,0.08006826812705668,0.6780360218589536,0.23902400186415848,0.002871708149831038
/workspace/datasets/cremad/AudioWAV/1001_IOM_SAD_XX.wav,cremad,sad,happy,1,0.25602359782743367,0.4375548114705733,0.290994503048347,0.015427087653646102
/workspace/datasets/cremad/AudioWAV/1001_ITH_ANG_XX.wav,cremad,angry,angry,0,0.7740484085684896,0.16912141398375866,0.056471040139726196,0.00035913730802575403
/workspace/datasets/cremad/AudioWAV/1001_ITH_HAP_XX.wav,cremad,happy,happy,1,0.23843936907535368,0.6708170177380544,0.0896298061862773,0.0011138070003147147
/workspace/datasets/cremad/AudioWAV/1001_ITH_NEU_XX.wav,cremad,neutral,happy,1,0.24651573649544364,0.5762439576140668,0.16445015284453224,0.012790153045957313
/workspace/datasets/cremad/AudioWAV/1001_ITH_SAD_XX.wav,cremad,sad,happy,1,0.07162378276863016,0.6695424068107333,0.19722549975898873,0.061608310661647785
/workspace/datasets/cremad/AudioWAV/1001_ITS_ANG_XX.wav,cremad,angry,angry,0,0.6897901763417895,0.16030501752340923,0.13931445593303723,0.010590350201763883
/workspace/datasets/cremad/AudioWAV/1001_ITS_HAP_XX.wav,cremad,happy,angry,0,0.7216532197542065,0.23999512097385134,0.034430596133357104,0.003921063138585115
/workspace/datasets/cremad/AudioWAV/1001_ITS_NEU_XX.wav,cremad,neutral,happy,1,0.29986239177673346,0.39212976178812625,0.2815738401535713,0.026434006281568903
/workspace/datasets/cremad/AudioWAV/1001_ITS_SAD_XX.wav,cremad,sad,happy,1,0.13620586411612687,0.3986690496445136,0.35048289883675404,0.11464218740260555
/workspace/datasets/cremad/AudioWAV/1001_IWL_ANG_XX.wav,cremad,angry,angry,0,0.4420213973000909,0.35574354730927177,0.19744453134024195,0.004790524050395438
/workspace/datasets/cremad/AudioWAV/1001_IWL_HAP_XX.wav,cremad,happy,angry,0,0.6170816526417502,0.17478408960191605,0.207049343138811,0.0010849146175227697
/workspace/datasets/cremad/AudioWAV/1001_IWL_NEU_XX.wav,cremad,neutral,neutral,2,0.33926799025377685,0.22079201935180723,0.43665210580601577,0.0032878845884002513
/workspace/datasets/cremad/AudioWAV/1001_IWL_SAD_XX.wav,cremad,sad,happy,1,0.16043323436633725,0.49756864654202376,0.2746883846005936,0.06730973449104521
/workspace/datasets/cremad/AudioWAV/1001_IWW_ANG_XX.wav,cremad,angry,angry,0,0.8005374271788429,0.11462601685422287,0.082291147408494,0.002545408558440306
/workspace/datasets/cremad/AudioWAV/1001_IWW_HAP_XX.wav,cremad,happy,angry,0,0.8886935097426935,0.03856031777439779,0.07126519739065314,0.0014809750922556955
/workspace/datasets/cremad/AudioWAV/1001_IWW_NEU_XX.wav,cremad,neutral,happy,1,0.21313513317699706,0.5128523987715615,0.24729663168849966,0.02671583636294185
/workspace/datasets/cremad/AudioWAV/1001_IWW_SAD_XX.wav,cremad,sad,happy,1,0.10252721564121689,0.6501646698836242,0.18800271108211103,0.059305403393047906
/workspace/datasets/cremad/AudioWAV/1001_MTI_ANG_XX.wav,cremad,angry,angry,0,0.7615187026791523,0.06467612996216529,0.16288763516603538,0.01091753219264708
/workspace/datasets/cremad/AudioWAV/1001_MTI_HAP_XX.wav,cremad,happy,angry,0,0.8799910355779589,0.07730857877793651,0.041054757847133146,0.0016456277969714556
/workspace/datasets/cremad/AudioWAV/1001_MTI_NEU_XX.wav,cremad,neutral,angry,0,0.5854579387941996,0.11372720764844851,0.29481663949924564,0.005998214058106312
/workspace/datasets/cremad/AudioWAV/1001_MTI_SAD_XX.wav,cremad,sad,neutral,2,0.3431965930229404,0.2807884831033001,0.3602868350723878,0.01572808880137163
/workspace/datasets/cremad/AudioWAV/1001_TAI_ANG_XX.wav,cremad,angry,angry,0,0.6957270857796737,0.20593439898446708,0.09508640455387428,0.003252110681984901
/workspace/datasets/cremad/AudioWAV/1001_TAI_HAP_XX.wav,cremad,happy,angry,0,0.7244021232737562,0.19983141524451947,0.0681235886917952,0.007642872789929152
/workspace/datasets/cremad/AudioWAV/1001_TAI_NEU_XX.wav,cremad,neutral,angry,0,0.4206594172475573,0.32754368611015144,0.24801914416785534,0.003777752474436006
/workspace/datasets/cremad/AudioWAV/1001_TAI_SAD_XX.wav,cremad,sad,happy,1,0.13788999947432892,0.5197279981698502,0.27746716090932355,0.06491484144649744
/workspace/datasets/cremad/AudioWAV/1001_TIE_ANG_XX.wav,cremad,angry,angry,0,0.6669616420480105,0.15807629678676122,0.161277669556675,0.01368439160855339
/workspace/datasets/cremad/AudioWAV/1001_TIE_HAP_XX.wav,cremad,happy,angry,0,0.8840227744252048,0.0326996428649923,0.08187040552138439,0.0014071771884185413
/workspace/datasets/cremad/AudioWAV/1001_TIE_NEU_XX.wav,cremad,neutral,angry,0,0.43683881908682,0.1839651332372297,0.36277685053414055,0.01641919714180973
/workspace/datasets/cremad/AudioWAV/1001_TIE_SAD_XX.wav,cremad,sad,neutral,2,0.055308341137948636,0.3083356383758795,0.3315506835260982,0.30480533696007367
/workspace/datasets/cremad/AudioWAV/1001_TSI_ANG_XX.wav,cremad,angry,angry,0,0.8145754163007106,0.15282810768334176,0.03086479613260112,0.001731679883346509
/workspace/datasets/cremad/AudioWAV/1001_TSI_HAP_XX.wav,cremad,happy,angry,0,0.7588493051715711,0.08669497174259581,0.15362485522108127,0.0008308678647518821
/workspace/datasets/cremad/AudioWAV/1001_TSI_NEU_XX.wav,cremad,neutral,happy,1,0.3864082286890873,0.5637410146820602,0.04503787342844073,0.004812883200411852
/workspace/datasets/cremad/AudioWAV/1001_TSI_SAD_XX.wav,cremad,sad,happy,1,0.12158349462137183,0.7087720072695856,0.10380657751919282,0.0658379205898499
/workspace/datasets/cremad/AudioWAV/1001_WSI_ANG_XX.wav,cremad,angry,angry,0,0.9032680312362439,0.07314027357704214,0.021800272850063487,0.0017914223366504957
/workspace/datasets/cremad/AudioWAV/1001_WSI_HAP_XX.wav,cremad,happy,angry,0,0.7983024303186959,0.07394458121142815,0.1270239526390333,0.0007290358308427927
/workspace/datasets/cremad/AudioWAV/1001_WSI_NEU_XX.wav,cremad,neutral,angry,0,0.5587817081163186,0.39606005680501216,0.042968145093085566,0.0021900899855838763
/workspace/datasets/cremad/AudioWAV/1001_WSI_SAD_XX.wav,cremad,sad,angry,0,0.6131605745169787,0.22699450120676398,0.14632087989076029,0.013524044385497185
/workspace/datasets/cremad/AudioWAV/1002_DFA_ANG_XX.wav,cremad,angry,angry,0,0.6502593765768124,0.34294585715738024,0.006734477120247873,6.028914555931556e-05
/workspace/datasets/cremad/AudioWAV/1002_DFA_HAP_XX.wav,cremad,happy,angry,0,0.9455964770684632,0.02982404263971052,0.011612138807610408,0.012967341484215971
/workspace/datasets/cremad/AudioWAV/1002_DFA_NEU_XX.wav,cremad,neutral,happy,1,0.07712691358420554,0.6039049128641203,0.22416844210238426,0.09479973144928985
/workspace/datasets/cremad/AudioWAV/1002_DFA_SAD_XX.wav,cremad,sad,happy,1,0.04216509049983104,0.4999197967553297,0.2138682989772282,0.24404681376761111
/workspace/datasets/cremad/AudioWAV/1002_IEO_ANG_HI.wav,cremad,angry,angry,0,0.8818569146380104,0.11249970130195659,0.00554554315501698,9.78409050159932e-05
/workspace/datasets/cremad/AudioWAV/1002_IEO_ANG_LO.wav,cremad,angry,neutral,2,0.3283900417538504,0.30821502118177974,0.3611859255127883,0.002209011551581658
/workspace/datasets/cremad/AudioWAV/1002_IEO_ANG_MD.wav,cremad,angry,angry,0,0.9815648254348415,0.016383720702410738,0.0019295552716827957,0.00012189859106497159
/workspace/datasets/cremad/AudioWAV/1002_IEO_HAP_HI.wav,cremad,happy,angry,0,0.5660639375580693,0.3338454567381641,0.09769102293024785,0.0023995827735188518
/workspace/datasets/cremad/AudioWAV/1002_IEO_HAP_LO.wav,cremad,happy,neutral,2,0.09954264904417838,0.23905539229688724,0.43365361721940854,0.22774834143952583
/workspace/datasets/cremad/AudioWAV/1002_IEO_HAP_MD.wav,cremad,happy,angry,0,0.905664674486634,0.04598079517735479,0.04725642895277196,0.0010981013832392615
/workspace/datasets/cremad/AudioWAV/1002_IEO_NEU_XX.wav,cremad,neutral,happy,1,0.031153661542495537,0.4544011335840679,0.2476392711570964,0.2668059337163402
/workspace/datasets/cremad/AudioWAV/1002_IEO_SAD_HI.wav,cremad,sad,neutral,2,0.007641988676815644,0.2479767865752079,0.4196443591144984,0.32473686563347803
/workspace/datasets/cremad/AudioWAV/1002_IEO_SAD_LO.wav,cremad,sad,sad,3,0.005236070623054582,0.33250029568352424,0.2754967462439302,0.38676688744949106
/workspace/datasets/cremad/AudioWAV/1002_IEO_SAD_MD.wav,cremad,sad,happy,1,0.012246024105315941,0.39265625327126485,0.3743260064467415,0.2207717161766776
/workspace/datasets/cremad/AudioWAV/1002_IOM_ANG_XX.wav,cremad,angry,angry,0,0.808774649178727,0.1686532486125383,0.021679747231385695,0.0008923549773489485
/workspace/datasets/cremad/AudioWAV/1002_IOM_HAP_XX.wav,cremad,happy,happy,1,0.1621874134111374,0.6033025429149561,0.2251655683869047,0.009344475287001925
/workspace/datasets/cremad/AudioWAV/1002_IOM_NEU_XX.wav,cremad,neutral,happy,1,0.04325559375606274,0.7159044063864309,0.17506354169170874,0.06577645816579762
/workspace/datasets/cremad/AudioWAV/1002_IOM_SAD_XX.wav,cremad,sad,happy,1,0.041809177431336796,0.5471794679833797,0.37063717050378786,0.04037418408149564
/workspace/datasets/cremad/AudioWAV/1002_ITH_ANG_XX.wav,cremad,angry,angry,0,0.8569219093972761,0.11192619431416717,0.03027764414245391,0.000874252146102779
/workspace/datasets/cremad/AudioWAV/1002_ITH_HAP_XX.wav,cremad,happy,angry,0,0.7642979649121856,0.17028478145933465,0.06066374645557142,0.0047535071729083896
/workspace/datasets/cremad/AudioWAV/1002_ITH_NEU_XX.wav,cremad,neutral,happy,1,0.11058637312759702,0.3455779700093411,0.2375733843085807,0.30626227255448124
/workspace/datasets/cremad/AudioWAV/1002_ITH_SAD_XX.wav,cremad,sad,happy,1,0.1639898438146529,0.45838782233519665,0.2453022130115518,0.1323201208385985
/workspace/datasets/cremad/AudioWAV/1002_ITS_ANG_XX.wav,cremad,angry,happy,1,0.3292257593966375,0.6197434365041722,0.03979146078971214,0.011239343309478053
/workspace/datasets/cremad/AudioWAV/1002_ITS_HAP_XX.wav,cremad,happy,angry,0,0.8736529470541252,0.10055484640519871,0.02247750627818147,0.003314700262494404
/workspace/datasets/cremad/AudioWAV/1002_ITS_NEU_XX.wav,cremad,neutral,happy,1,0.07804776275717706,0.45438519599674637,0.15982593049828991,0.30774111074778665
/workspace/datasets/cremad/AudioWAV/1002_ITS_SAD_XX.wav,cremad,sad,sad,3,0.01575494785141786,0.21139818333800733,0.09622114276775688,0.676625726042818
/workspace/datasets/cremad/AudioWAV/1002_IWL_ANG_XX.wav,cremad,angry,happy,1,0.3980002682559175,0.43245031075281604,0.16895286472597904,0.0005965562652875639
/workspace/datasets/cremad/AudioWAV/1002_IWL_HAP_XX.wav,cremad,happy,angry,0,0.61542951089519,0.2685148605564427,0.1103160843413853,0.005739544206981971
/workspace/datasets/cremad/AudioWAV/1002_IWL_NEU_XX.wav,cremad,neutral,happy,1,0.13567146604518107,0.47697958607347757,0.2559814725053484,0.13136747537599297
/workspace/datasets/cremad/AudioWAV/1002_IWL_SAD_XX.wav,cremad,sad,happy,1,0.05290894809690977,0.5033438631661439,0.3818285636454361,0.061918625091510256
/workspace/datasets/cremad/AudioWAV/1002_IWW_ANG_XX.wav,cremad,angry,angry,0,0.7587295054996307,0.12118238140434635,0.11918372544107073,0.0009043876549523137
/workspace/datasets/cremad/AudioWAV/1002_IWW_HAP_XX.wav,cremad,happy,angry,0,0.5787615887860444,0.37338010289153467,0.04547054279257225,0.002387765529848521
/workspace/datasets/cremad/AudioWAV/1002_IWW_NEU_XX.wav,cremad,neutral,happy,1,0.08973632792267058,0.36762255395027765,0.21197224953454558,0.33066886859250605
/workspace/datasets/cremad/AudioWAV/1002_IWW_SAD_XX.wav,cremad,sad,neutral,2,0.019217296928001455,0.34182427500331275,0.4422440035461161,0.1967144245225697
/workspace/datasets/cremad/AudioWAV/1002_MTI_ANG_XX.wav,cremad,angry,angry,0,0.7581199645799123,0.13200846565002416,0.09955454091280891,0.010317028857254483
/workspace/datasets/cremad/AudioWAV/1002_MTI_HAP_XX.wav,cremad,happy,angry,0,0.6779368430967102,0.1778620991439078,0.14207198269749519,0.0021290750618868652
/workspace/datasets/cremad/AudioWAV/1002_MTI_NEU_XX.wav,cremad,neutral,happy,1,0.10650571199523243,0.3868086945116617,0.33146373769835347,0.17522185579475244
/workspace/datasets/cremad/AudioWAV/1002_MTI_SAD_XX.wav,cremad,sad,neutral,2,0.15458378736145256,0.3098141491751698,0.3858070309885463,0.14979503247483142
/workspace/datasets/cremad/AudioWAV/1002_TAI_ANG_XX.wav,cremad,angry,angry,0,0.7974316177492036,0.12426421213985706,0.07749814435689693,0.0008060257540423842
/workspace/datasets/cremad/AudioWAV/1002_TAI_HAP_XX.wav,cremad,happy,angry,0,0.7450866860814681,0.18111833344898617,0.06954812076296929,0.0042468597065764046
/workspace/datasets/cremad/AudioWAV/1002_TAI_NEU_XX.wav,cremad,neutral,happy,1,0.07013722909888129,0.4784209147376066,0.16504701071288502,0.28639484545062716
/workspace/datasets/cremad/AudioWAV/1002_TAI_SAD_XX.wav,cremad,sad,neutral,2,0.13373162724208915,0.3630235241515914,0.37224371455881977,0.13100113404749958
/workspace/datasets/cremad/AudioWAV/1002_TIE_ANG_XX.wav,cremad,angry,angry,0,0.9586632374222145,0.038616580767421756,0.002602412661687731,0.00011776914867599997
/workspace/datasets/cremad/AudioWAV/1002_TIE_HAP_XX.wav,cremad,happy,angry,0,0.8618727528110594,0.1032865413574554,0.026222062700513162,0.008618643130972096
/workspace/datasets/cremad/AudioWAV/1002_TIE_SAD_XX.wav,cremad,sad,angry,0,0.7069767350466674,0.14323907043813122,0.1454148741499498,0.004369320365251626
/workspace/datasets/cremad/AudioWAV/1002_TSI_ANG_XX.wav,cremad,angry,angry,0,0.8812298354586349,0.09717265898714939,0.01832807385936158,0.0032694316948543227
/workspace/datasets/cremad/AudioWAV/1002_TSI_HAP_XX.wav,cremad,happy,angry,0,0.7680820251556733,0.14647287706026885,0.08457263750161832,0.0008724602824397489
/workspace/datasets/cremad/AudioWAV/1002_TSI_NEU_XX.wav,cremad,neutral,happy,1,0.05501855676048572,0.41271632878337544,0.14783507921800249,0.3844300352381363
/workspace/datasets/cremad/AudioWAV/1002_TSI_SAD_XX.wav,cremad,sad,sad,3,0.0328460658752186,0.337906157326618,0.07736494280782565,0.5518828339903378
/workspace/datasets/cremad/AudioWAV/1002_WSI_ANG_XX.wav,cremad,angry,angry,0,0.9265772317035806,0.06582133153370069,0.007171501869363122,0.0004299348933555937
/workspace/datasets/cremad/AudioWAV/1002_WSI_HAP_XX.wav,cremad,happy,angry,0,0.8033931169407047,0.1564555103293065,0.03220902039473324,0.007942352335255537
/workspace/datasets/cremad/AudioWAV/1002_WSI_NEU_XX.wav,cremad,neutral,happy,1,0.17397921379984535,0.4442027251440238,0.16106366684208026,0.22075439421405055
/workspace/datasets/cremad/AudioWAV/1002_WSI_SAD_XX.wav,cremad,sad,sad,3,0.07901849479212676,0.28506856445121553,0.14800374656119625,0.48790919419546136
/workspace/datasets/cremad/AudioWAV/1003_DFA_ANG_XX.wav,cremad,angry,angry,0,0.9653022677202857,0.03228001680510088,0.0023912795850022013,2.6435889611145187e-05
/workspace/datasets/cremad/AudioWAV/1003_DFA_HAP_XX.wav,cremad,happy,angry,0,0.5202399484085369,0.1568533567131016,0.31842493280391987,0.004481762074441511
/workspace/datasets/cremad/AudioWAV/1003_DFA_NEU_XX.wav,cremad,neutral,angry,0,0.6589687058632047,0.08886604626244818,0.1788588350347235,0.0733064128396237
/workspace/datasets/cremad/AudioWAV/1003_DFA_SAD_XX.wav,cremad,sad,happy,1,0.03808020975489673,0.48161452352865497,0.2711576734096255,0.2091475933068228
/workspace/datasets/cremad/AudioWAV/1003_IEO_ANG_HI.wav,cremad,angry,happy,1,0.1222664394599643,0.8564171759424261,0.021189835494888624,0.000126549102721049
/workspace/datasets/cremad/AudioWAV/1003_IEO_ANG_LO.wav,cremad,angry,neutral,2,0.32037969435875147,0.2337259295129543,0.4077199759568922,0.03817440017140201
/workspace/datasets/cremad/AudioWAV/1003_IEO_ANG_MD.wav,cremad,angry,happy,1,0.43901204284951817,0.5192753036051768,0.027292851212948745,0.014419802332356239
/workspace/datasets/cremad/AudioWAV/1003_IEO_HAP_HI.wav,cremad,happy,angry,0,0.6210185142552763,0.1719641026408485,0.19818049870529691,0.008836884398578175
/workspace/datasets/cremad/AudioWAV/1003_IEO_HAP_LO.wav,cremad,happy,happy,1,0.048207341553501294,0.44987547983048787,0.30395522565549193,0.19796195296051888
/workspace/datasets/cremad/AudioWAV/1003_IEO_HAP_MD.wav,cremad,happy,happy,1,0.16194234801312052,0.6689360443696896,0.16405509827568623,0.005066509341503561
/workspace/datasets/cremad/AudioWAV/1003_IEO_NEU_XX.wav,cremad,neutral,happy,1,0.06679016533471502,0.6712520846441021,0.21220873771949836,0.04974901230168454
/workspace/datasets/cremad/AudioWAV/1003_IEO_SAD_HI.wav,cremad,sad,sad,3,0.011670128304491363,0.2597410191819121,0.22025700980127172,0.5083318427123248
/workspace/datasets/cremad/AudioWAV/1003_IEO_SAD_LO.wav,cremad,sad,sad,3,0.0045438151014154556,0.29401578880836615,0.2512633664518812,0.45017702963833717
/workspace/datasets/cremad/AudioWAV/1003_IEO_SAD_MD.wav,cremad,sad,sad,3,0.008300342163907383,0.32355053885119045,0.31673627335228305,0.35141284563261915
/workspace/datasets/cremad/AudioWAV/1003_IOM_ANG_XX.wav,cremad,angry,happy,1,0.27696847588551765,0.6530471417643036,0.06980275917702519,0.00018162317315356373
/workspace/datasets/cremad/AudioWAV/1003_IOM_HAP_XX.wav,cremad,happy,happy,1,0.2759872039978257,0.470051241870776,0.24154492047759704,0.01241663365380111
/workspace/datasets/cremad/AudioWAV/1003_IOM_NEU_XX.wav,cremad,neutral,angry,0,0.4495581800726083,0.18977780203278619,0.34422764243712023,0.01643637545748524
/workspace/datasets/cremad/AudioWAV/1003_IOM_SAD_XX.wav,cremad,sad,happy,1,0.03629449056796597,0.3534085628128501,0.34563240326268224,0.2646645433565016
/workspace/datasets/cremad/AudioWAV/1003_ITH_ANG_XX.wav,cremad,angry,angry,0,0.5747444847845151,0.41080399216851954,0.013624512786947245,0.0008270102600179642
/workspace/datasets/cremad/AudioWAV/1003_ITH_HAP_XX.wav,cremad,happy,happy,1,0.4262610131832942,0.46894792613571146,0.09565371598225887,0.009137344698735492
/workspace/datasets/cremad/AudioWAV/1003_ITH_NEU_XX.wav,cremad,neutral,angry,0,0.3812239215442998,0.3097851279933839,0.30226625925015277,0.006724691212163534
/workspace/datasets/cremad/AudioWAV/1003_ITH_SAD_XX.wav,cremad,sad,happy,1,0.07981518122651224,0.6599331450363235,0.15297265689312065,0.10727901684404348
/workspace/datasets/cremad/AudioWAV/1003_ITS_ANG_XX.wav,cremad,angry,angry,0,0.9494839754337688,0.03639056237631226,0.011623320039962911,0.0025021421499557476
/workspace/datasets/cremad/AudioWAV/1003_ITS_HAP_XX.wav,cremad,happy,neutral,2,0.3219800539294008,0.2804490791434224,0.3271171973056815,0.07045366962149525
/workspace/datasets/cremad/AudioWAV/1003_ITS_NEU_XX.wav,cremad,neutral,neutral,2,0.029502156576052208,0.32346279946170853,0.3918912490581442,0.255143794904095
/workspace/datasets/cremad/AudioWAV/1003_ITS_SAD_XX.wav,cremad,sad,sad,3,0.011764531832492582,0.2768210030968409,0.1745732238774433,0.5368412411932232
/workspace/datasets/cremad/AudioWAV/1003_IWL_ANG_XX.wav,cremad,angry,angry,0,0.7488575906109175,0.24602585901309001,0.004810206475442425,0.00030634390054999145
/workspace/datasets/cremad/AudioWAV/1003_IWL_HAP_XX.wav,cremad,happy,happy,1,0.23872079687776923,0.6073023005199366,0.15151564614990998,0.0024612564523842735
/workspace/datasets/cremad/AudioWAV/1003_IWL_NEU_XX.wav,cremad,neutral,happy,1,0.26439152636793223,0.6121732954616285,0.10705895815912267,0.016376220011316674
/workspace/datasets/cremad/AudioWAV/1003_IWL_SAD_XX.wav,cremad,sad,happy,1,0.08467078379259589,0.6516696262400099,0.20867786405000988,0.05498172591738413
/workspace/datasets/cremad/AudioWAV/1003_IWW_ANG_XX.wav,cremad,angry,happy,1,0.25522022561817725,0.6977437536817619,0.044242377240758274,0.00279364345930258
/workspace/datasets/cremad/AudioWAV/1003_IWW_HAP_XX.wav,cremad,happy,angry,0,0.3686323087697495,0.25589744893905897,0.3611208375694213,0.014349404721770254
/workspace/datasets/cremad/AudioWAV/1003_IWW_NEU_XX.wav,cremad,neutral,happy,1,0.1076252928234147,0.3860478560170754,0.3608107500311333,0.14551610112837673
/workspace/datasets/cremad/AudioWAV/1003_IWW_SAD_XX.wav,cremad,sad,sad,3,0.011775501184500513,0.062101477633352505,0.30772065308188395,0.618402368100263
/workspace/datasets/cremad/AudioWAV/1003_MTI_ANG_XX.wav,cremad,angry,angry,0,0.9189011440364078,0.06822035488979257,0.010161906350659135,0.002716594723140714
/workspace/datasets/cremad/AudioWAV/1003_MTI_HAP_XX.wav,cremad,happy,angry,0,0.4194890958600605,0.15901800272981512,0.4135252235262637,0.007967677883860635
/workspace/datasets/cremad/AudioWAV/1003_MTI_NEU_XX.wav,cremad,neutral,happy,1,0.27396369874176985,0.4338588602461829,0.2152182283575044,0.07695921265454285
/workspace/datasets/cremad/AudioWAV/1003_MTI_SAD_XX.wav,cremad,sad,happy,1,0.10977574584156509,0.5226967074813523,0.26064658969307697,0.10688095698400564
/workspace/datasets/cremad/AudioWAV/1003_TAI_ANG_XX.wav,cremad,angry,angry,0,0.8895501582394583,0.10021641339240833,0.01007199862812937,0.00016142974000409784
/workspace/datasets/cremad/AudioWAV/1003_TAI_HAP_XX.wav,cremad,happy,angry,0,0.7651737012780393,0.10030050579798559,0.13259122323856926,0.0019345696854058995
/workspace/datasets/cremad/AudioWAV/1003_TAI_NEU_XX.wav,cremad,neutral,angry,0,0.5606376988053534,0.138270846021651,0.28375649824419535,0.01733495692880036
/workspace/datasets/cremad/AudioWAV/1003_TAI_SAD_XX.wav,cremad,sad,neutral,2,0.252488423200801,0.1375012947836709,0.49620797443144327,0.11380230758408474
/workspace/datasets/cremad/AudioWAV/1003_TIE_ANG_XX.wav,cremad,angry,angry,0,0.9354704054151313,0.05228676218186832,0.011959390721419626,0.00028344168158091475
/workspace/datasets/cremad/AudioWAV/1003_TIE_HAP_XX.wav,cremad,happy,happy,1,0.2318250762511621,0.412765318304708,0.30008137991467043,0.05532822552945945
/workspace/datasets/cremad/AudioWAV/1003_TIE_NEU_XX.wav,cremad,neutral,angry,0,0.4221866466119638,0.21636512308973074,0.2837094277938862,0.07773880250441932
/workspace/datasets/cremad/AudioWAV/1003_TIE_SAD_XX.wav,cremad,sad,sad,3,0.13101231920067413,0.35107385536067415,0.13268844152726472,0.38522538391138705
/workspace/datasets/cremad/AudioWAV/1003_TSI_ANG_XX.wav,cremad,angry,happy,1,0.3181386982246455,0.5165307679047553,0.08778067679864161,0.07754985707195758
/workspace/datasets/cremad/AudioWAV/1003_TSI_HAP_XX.wav,cremad,happy,sad,3,0.043549912787692435,0.06832785798568262,0.28904995174100595,0.599072277485619
/workspace/datasets/cremad/AudioWAV/1003_TSI_NEU_XX.wav,cremad,neutral,sad,3,0.03461679343594205,0.21812620838952285,0.29457708939207233,0.4526799087824629
/workspace/datasets/cremad/AudioWAV/1003_TSI_SAD_XX.wav,cremad,sad,sad,3,0.006654174366231997,0.06450870055078299,0.39318096616005765,0.5356561589229274
/workspace/datasets/cremad/AudioWAV/1003_WSI_ANG_XX.wav,cremad,angry,angry,0,0.9648951934108452,0.034315378689574565,0.000737457750867558,5.197014871273479e-05
/workspace/datasets/cremad/AudioWAV/1003_WSI_HAP_XX.wav,cremad,happy,happy,1,0.3492913468760518,0.5341563611571188,0.1024010118247853,0.01415128014204399
/workspace/datasets/cremad/AudioWAV/1003_WSI_NEU_XX.wav,cremad,neutral,happy,1,0.23977699781392106,0.34463915478330953,0.2863135300980053,0.12927031730476402
/workspace/datasets/cremad/AudioWAV/1003_WSI_SAD_XX.wav,cremad,sad,happy,1,0.05969699595794339,0.36619769785751,0.3270265635968733,0.24707874258767326
/workspace/datasets/cremad/AudioWAV/1004_DFA_ANG_XX.wav,cremad,angry,angry,0,0.9934771355211732,0.0051688949110089135,0.0013130994183017724,4.087014951598359e-05
/workspace/datasets/cremad/AudioWAV/1004_DFA_HAP_XX.wav,cremad,happy,angry,0,0.43893194670856683,0.3286444678743928,0.220823013576987,0.01160057184005342
/workspace/datasets/cremad/AudioWAV/1004_DFA_NEU_XX.wav,cremad,neutral,angry,0,0.5445923117707543,0.1198498363813628,0.2296038923127987,0.10595395953508414
/workspace/datasets/cremad/AudioWAV/1004_DFA_SAD_XX.wav,cremad,sad,sad,3,0.04206339797284254,0.2619644370349288,0.22485717963544363,0.47111498535678503
/workspace/datasets/cremad/AudioWAV/1004_IEO_ANG_HI.wav,cremad,angry,angry,0,0.8722355813382201,0.12507210517805237,0.0026333693145241268,5.8944169203528735e-05
/workspace/datasets/cremad/AudioWAV/1004_IEO_ANG_LO.wav,cremad,angry,angry,0,0.903567007930641,0.049093523972206,0.04394391109874284,0.0033955569984100644
/workspace/datasets/cremad/AudioWAV/1004_IEO_ANG_MD.wav,cremad,angry,angry,0,0.5188909067067741,0.4467557728658236,0.030449942239301985,0.0039033781881005303
/workspace/datasets/cremad/AudioWAV/1004_IEO_HAP_HI.wav,cremad,happy,happy,1,0.403982651251816,0.5907705137332876,0.005217861862148016,2.8973152748464327e-05
/workspace/datasets/cremad/AudioWAV/1004_IEO_HAP_LO.wav,cremad,happy,happy,1,0.14589770376114938,0.45202833593231745,0.2624405093784256,0.13963345092810747
/workspace/datasets/cremad/AudioWAV/1004_IEO_HAP_MD.wav,cremad,happy,angry,0,0.5664552071597132,0.25488529261170095,0.17193539397431223,0.006724106254273747
/workspace/datasets/cremad/AudioWAV/1004_IEO_NEU_XX.wav,cremad,neutral,neutral,2,0.19501719141731058,0.33265881981724527,0.3728531904406396,0.09947079832480456
/workspace/datasets/cremad/AudioWAV/1004_IEO_SAD_HI.wav,cremad,sad,sad,3,0.005567861646189502,0.23339988460071365,0.2843487079484654,0.4766835458046315
/workspace/datasets/cremad/AudioWAV/1004_IEO_SAD_LO.wav,cremad,sad,sad,3,0.01544775798392441,0.273525672626341,0.2500150771250146,0.46101149226471994
/workspace/datasets/cremad/AudioWAV/1004_IEO_SAD_MD.wav,cremad,sad,sad,3,0.005139622081964343,0.18417534658298224,0.3227857172240028,0.4878993141110505
/workspace/datasets/cremad/AudioWAV/1004_IOM_ANG_XX.wav,cremad,angry,angry,0,0.9836032512238789,0.0034272722016503703,0.012739181676257325,0.00023029489821341904
/workspace/datasets/cremad/AudioWAV/1004_IOM_HAP_XX.wav,cremad,happy,angry,0,0.7008901863474197,0.16314307237739667,0.1302465254501725,0.005720215825010963
/workspace/datasets/cremad/AudioWAV/1004_IOM_NEU_XX.wav,cremad,neutral,sad,3,0.07303420839021996,0.3022996532065721,0.23389999248503165,0.39076614591817627
/workspace/datasets/cremad/AudioWAV/1004_IOM_SAD_XX.wav,cremad,sad,happy,1,0.023533340789002582,0.3908954766198971,0.3037855039637473,0.281785678627353
/workspace/datasets/cremad/AudioWAV/1004_ITH_ANG_XX.wav,cremad,angry,angry,0,0.9495602844993836,0.022252869025140766,0.028027354782437997,0.00015949169303762227
/workspace/datasets/cremad/AudioWAV/1004_ITH_HAP_XX.wav,cremad,happy,happy,1,0.25750758074327235,0.4227571651019307,0.2129094546822911,0.10682579947250577
/workspace/datasets/cremad/AudioWAV/1004_ITH_NEU_XX.wav,cremad,neutral,angry,0,0.3543168268582682,0.349718793490535,0.16165712699997595,0.13430725265122095
/workspace/datasets/cremad/AudioWAV/1004_ITH_SAD_XX.wav,cremad,sad,happy,1,0.017332041580298864,0.42978356561575987,0.2688944431943883,0.2839899496095531
/workspace/datasets/cremad/AudioWAV/1004_ITS_ANG_XX.wav,cremad,angry,angry,0,0.7441555606351171,0.17791071027749314,0.06491954063755773,0.013014188449832029
/workspace/datasets/cremad/AudioWAV/1004_ITS_HAP_XX.wav,cremad,happy,happy,1,0.1960985145925499,0.48617113778780413,0.10556587373367896,0.21216447388596693
/workspace/datasets/cremad/AudioWAV/1004_ITS_NEU_XX.wav,cremad,neutral,happy,1,0.2915207477629632,0.3792555865866529,0.2329411090747065,0.09628255657567739
/workspace/datasets/cremad/AudioWAV/1004_ITS_SAD_XX.wav,cremad,sad,sad,3,0.008577712303401631,0.10594986957817366,0.14156194036962652,0.7439104777487981
/workspace/datasets/cremad/AudioWAV/1004_IWL_ANG_XX.wav,cremad,angry,angry,0,0.9378002069447716,0.05441981794399305,0.007726236886861715,5.3738224373552926e-05
/workspace/datasets/cremad/AudioWAV/1004_IWL_HAP_XX.wav,cremad,happy,happy,1,0.35553567157700006,0.4852309757174903,0.15039378758783717,0.008839565117672364
/workspace/datasets/cremad/AudioWAV/1004_IWL_NEU_XX.wav,cremad,neutral,happy,1,0.2642151103529285,0.5411557369256704,0.18205596308058208,0.012573189640819086
/workspace/datasets/cremad/AudioWAV/1004_IWL_SAD_XX.wav,cremad,sad,angry,0,0.5391186104013309,0.2882680955378913,0.15869799732803155,0.013915296732746184
/workspace/datasets/cremad/AudioWAV/1004_IWW_ANG_XX.wav,cremad,angry,angry,0,0.8978735473121743,0.016053224102240474,0.07398315010572719,0.01209007847985811
/workspace/datasets/cremad/AudioWAV/1004_IWW_HAP_XX.wav,cremad,happy,happy,1,0.07044733254926232,0.42639827941785347,0.26461390405477486,0.2385404839781093
/workspace/datasets/cremad/AudioWAV/1004_IWW_NEU_XX.wav,cremad,neutral,sad,3,0.09479835997719997,0.2945892941562272,0.2973225732665175,0.31328977260005536
/workspace/datasets/cremad/AudioWAV/1004_IWW_SAD_XX.wav,cremad,sad,sad,3,0.02501339196126872,0.264891391972918,0.17788147681925298,0.5322137392465603
/workspace/datasets/cremad/AudioWAV/1004_MTI_ANG_XX.wav,cremad,angry,angry,0,0.9132234100012866,0.0691505311587378,0.015467560383993568,0.0021584984559819636
/workspace/datasets/cremad/AudioWAV/1004_MTI_HAP_XX.wav,cremad,happy,happy,1,0.11182954817751847,0.3539470239777658,0.29236517799882866,0.24185824984588714
/workspace/datasets/cremad/AudioWAV/1004_MTI_NEU_XX.wav,cremad,neutral,neutral,2,0.1034867835301748,0.38122893019589993,0.44844414843199326,0.06684013784193209
/workspace/datasets/cremad/AudioWAV/1004_MTI_SAD_XX.wav,cremad,sad,neutral,2,0.049969065837072085,0.2418610866432453,0.39458688783549933,0.31358295968418326
/workspace/datasets/cremad/AudioWAV/1004_TAI_ANG_XX.wav,cremad,angry,angry,0,0.9755290657559256,0.003917270024850921,0.02010472428264583,0.0004489399365776238
/workspace/datasets/cremad/AudioWAV/1004_TAI_HAP_XX.wav,cremad,happy,neutral,2,0.19640459292086054,0.30163075912779336,0.32355021449953486,0.1784144334518112
/workspace/datasets/cremad/AudioWAV/1004_TAI_NEU_XX.wav,cremad,neutral,happy,1,0.23086357119148987,0.3368767807966802,0.3332967338346188,0.0989629141772111
/workspace/datasets/cremad/AudioWAV/1004_TAI_SAD_XX.wav,cremad,sad,sad,3,0.05071154536076744,0.13864003935307764,0.35514954907409274,0.4554988662120623
/workspace/datasets/cremad/AudioWAV/1004_TIE_ANG_XX.wav,cremad,angry,angry,0,0.9916127638193295,0.008046938669957059,0.0003018770018551443,3.8420508858288204e-05
/workspace/datasets/cremad/AudioWAV/1004_TIE_HAP_XX.wav,cremad,happy,angry,0,0.7676275371665252,0.19543004387043797,0.036279531638175946,0.0006628873248607675
/workspace/datasets/cremad/AudioWAV/1004_TIE_NEU_XX.wav,cremad,neutral,neutral,2,0.26903192922593505,0.22934163791764706,0.32048770952762223,0.18113872332879577
/workspace/datasets/cremad/AudioWAV/1004_TIE_SAD_XX.wav,cremad,sad,happy,1,0.01656898424426126,0.4822095538496862,0.12902399374282267,0.3721974681632299
/workspace/datasets/cremad/AudioWAV/1004_TSI_ANG_XX.wav,cremad,angry,angry,0,0.898659518976014,0.08581419053682779,0.014181576289975125,0.0013447141971831568
/workspace/datasets/cremad/AudioWAV/1004_TSI_HAP_XX.wav,cremad,happy,happy,1,0.29236979425817017,0.5919356464053299,0.08551978114345232,0.030174778193047726
/workspace/datasets/cremad/AudioWAV/1004_TSI_NEU_XX.wav,cremad,neutral,angry,0,0.609667599036947,0.20203114776129924,0.1461815624416648,0.04211969076008894
/workspace/datasets/cremad/AudioWAV/1004_TSI_SAD_XX.wav,cremad,sad,sad,3,0.030926897151660623,0.3240124745302787,0.10426530604083942,0.5407953222772212
/workspace/datasets/cremad/AudioWAV/1004_WSI_ANG_XX.wav,cremad,angry,angry,0,0.93751782200852,0.05386514927555783,0.006398035760797782,0.002218992955124418
/workspace/datasets/cremad/AudioWAV/1004_WSI_HAP_XX.wav,cremad,happy,angry,0,0.875388614691131,0.09597762256047951,0.02689505672287031,0.0017387060255191497
/workspace/datasets/cremad/AudioWAV/1004_WSI_NEU_XX.wav,cremad,neutral,angry,0,0.504961457391464,0.31383868988566854,0.14039487421645883,0.04080497850640864
/workspace/datasets/cremad/AudioWAV/1004_WSI_SAD_XX.wav,cremad,sad,sad,3,0.03170246142715769,0.248062339354336,0.14643386492007207,0.5738013342984343
/workspace/datasets/cremad/AudioWAV/1005_DFA_ANG_XX.wav,cremad,angry,angry,0,0.9599248927459377,0.027640131090205952,0.01157920674406976,0.0008557694197863711
/workspace/datasets/cremad/AudioWAV/1005_DFA_HAP_XX.wav,cremad,happy,angry,0,0.5719163611286273,0.3588595542953286,0.06802293190199854,0.0012011526740455438
/workspace/datasets/cremad/AudioWAV/1005_DFA_NEU_XX.wav,cremad,neutral,angry,0,0.5278760961436516,0.36479996225928135,0.10398776892836038,0.003336172668706701
/workspace/datasets/cremad/AudioWAV/1005_DFA_SAD_XX.wav,cremad,sad,happy,1,0.08447146886245283,0.5985270124281369,0.2285565415062881,0.08844497720312235
/workspace/datasets/cremad/AudioWAV/1005_IEO_ANG_HI.wav,cremad,angry,angry,0,0.9061230077035787,0.07350447203037702,0.018592792001809074,0.001779728264235143
/workspace/datasets/cremad/AudioWAV/1005_IEO_ANG_LO.wav,cremad,angry,neutral,2,0.2867720144025716,0.08217777853623887,0.5743704906389396,0.05667971642224991
/workspace/datasets/cremad/AudioWAV/1005_IEO_ANG_MD.wav,cremad,angry,angry,0,0.7183167944195976,0.06286701770651788,0.1818332573427724,0.03698293053111213
/workspace/datasets/cremad/AudioWAV/1005_IEO_HAP_HI.wav,cremad,happy,angry,0,0.4507531500650204,0.37703965961023694,0.1446098744920742,0.027597315832668518
/workspace/datasets/cremad/AudioWAV/1005_IEO_HAP_LO.wav,cremad,happy,happy,1,0.08033204359216514,0.3125330548909701,0.29801373812555443,0.30912116339131024
/workspace/datasets/cremad/AudioWAV/1005_IEO_HAP_MD.wav,cremad,happy,neutral,2,0.17959458177264467,0.2942861827194188,0.3440680876587562,0.1820511478491804
/workspace/datasets/cremad/AudioWAV/1005_IEO_NEU_XX.wav,cremad,neutral,sad,3,0.034170958993633434,0.3371718898724255,0.1499817203418621,0.4786754307920788
/workspace/datasets/cremad/AudioWAV/1005_IEO_SAD_HI.wav,cremad,sad,happy,1,0.06153936408137998,0.6050358482155237,0.20954655987159457,0.12387822783150182
/workspace/datasets/cremad/AudioWAV/1005_IEO_SAD_LO.wav,cremad,sad,neutral,2,0.007157927580943842,0.28084122731581407,0.38462792580428645,0.3273729192989557
/workspace/datasets/cremad/AudioWAV/1005_IEO_SAD_MD.wav,cremad,sad,happy,1,0.076199723757829,0.4325719448132939,0.3244107968415191,0.16681753458735807
/workspace/datasets/cremad/AudioWAV/1005_IOM_ANG_XX.wav,cremad,angry,angry,0,0.6044487077039428,0.3670246910864151,0.025945568553014837,0.002581032656627166
/workspace/datasets/cremad/AudioWAV/1005_IOM_HAP_XX.wav,cremad,happy,happy,1,0.14115545050668155,0.6740671173655896,0.16287019549583506,0.02190723663189391
/workspace/datasets/cremad/AudioWAV/1005_IOM_NEU_XX.wav,cremad,neutral,happy,1,0.05600867650639008,0.5997482426085332,0.2812753016566678,0.06296777922840893
/workspace/datasets/cremad/AudioWAV/1005_IOM_SAD_XX.wav,cremad,sad,happy,1,0.019471094673881514,0.6006834162408419,0.26462600777159173,0.1152194813136849
/workspace/datasets/cremad/AudioWAV/1005_ITH_ANG_XX.wav,cremad,angry,angry,0,0.8940307099907118,0.05402723664948109,0.05037222513980668,0.0015698282200003607
/workspace/datasets/cremad/AudioWAV/1005_ITH_HAP_XX.wav,cremad,happy,angry,0,0.5986094306574452,0.23493000223648153,0.161608412070053,0.0048521550360202115
/workspace/datasets/cremad/AudioWAV/1005_ITH_NEU_XX.wav,cremad,neutral,happy,1,0.22880313573719946,0.5897939370832745,0.1456389971761772,0.035763930003348654
/workspace/datasets/cremad/AudioWAV/1005_ITH_SAD_XX.wav,cremad,sad,happy,1,0.2593078576629979,0.5099390412605213,0.1765838650205066,0.05416923605597423
/workspace/datasets/cremad/AudioWAV/1005_ITS_ANG_XX.wav,cremad,angry,angry,0,0.888455868212695,0.09386618237098011,0.015010471602734663,0.0026674778135902396
/workspace/datasets/cremad/AudioWAV/1005_ITS_HAP_XX.wav,cremad,happy,angry,0,0.7995123006468134,0.15020253291651614,0.034482851287609036,0.015802315149061434
/workspace/datasets/cremad/AudioWAV/1005_ITS_NEU_XX.wav,cremad,neutral,angry,0,0.5140372539758153,0.36379730228827367,0.10273448161705175,0.01943096211885931
/workspace/datasets/cremad/AudioWAV/1005_ITS_SAD_XX.wav,cremad,sad,happy,1,0.29393324177081387,0.49800751036692587,0.17581979774062126,0.03223945012163898
/workspace/datasets/cremad/AudioWAV/1005_IWL_ANG_XX.wav,cremad,angry,happy,1,0.28532378599265096,0.6402189894406133,0.07266946912897422,0.0017877554377615473
/workspace/datasets/cremad/AudioWAV/1005_IWL_HAP_XX.wav,cremad,happy,happy,1,0.2763199578091172,0.6283585554476608,0.08369073271995334,0.011630754023268457
/workspace/datasets/cremad/AudioWAV/1005_IWL_NEU_XX.wav,cremad,neutral,happy,1,0.14932373416277875,0.6202059066894836,0.1834946253241677,0.0469757338235699
/workspace/datasets/cremad/AudioWAV/1005_IWL_SAD_XX.wav,cremad,sad,happy,1,0.03246383482143569,0.6221136714164909,0.21763446148341192,0.12778803227866145
/workspace/datasets/cremad/AudioWAV/1005_IWW_ANG_XX.wav,cremad,angry,happy,1,0.24627455292921055,0.5627435681857069,0.10703567906874473,0.08394619981633783
/workspace/datasets/cremad/AudioWAV/1005_IWW_HAP_XX.wav,cremad,happy,happy,1,0.11101446439293226,0.5121601653471697,0.22052441222871988,0.15630095803117813
/workspace/datasets/cremad/AudioWAV/1005_IWW_NEU_XX.wav,cremad,neutral,happy,1,0.12151548952138494,0.5100083282554021,0.2991089233520858,0.06936725887112727
/workspace/datasets/cremad/AudioWAV/1005_IWW_SAD_XX.wav,cremad,sad,neutral,2,0.10577530092910757,0.1645683291028181,0.6547181716018616,0.07493819836621282
/workspace/datasets/cremad/AudioWAV/1005_MTI_ANG_XX.wav,cremad,angry,angry,0,0.5505806690741143,0.20325977610699383,0.23986749248227093,0.006292062336620958
/workspace/datasets/cremad/AudioWAV/1005_MTI_HAP_XX.wav,cremad,happy,angry,0,0.7628218985833798,0.12234454658586807,0.10104395369882577,0.01378960113192638
/workspace/datasets/cremad/AudioWAV/1005_MTI_NEU_XX.wav,cremad,neutral,neutral,2,0.06339439537652701,0.2812473505405161,0.5251294802283953,0.1302287738545616
/workspace/datasets/cremad/AudioWAV/1005_MTI_SAD_XX.wav,cremad,sad,happy,1,0.11410036180917575,0.5377288860882893,0.3101036682142503,0.0380670838882847
/workspace/datasets/cremad/AudioWAV/1005_TAI_ANG_XX.wav,cremad,angry,angry,0,0.44848998681887736,0.38266721727235353,0.16088427407262376,0.007958521836145298
/workspace/datasets/cremad/AudioWAV/1005_TAI_HAP_XX.wav,cremad,happy,happy,1,0.06781616511994555,0.5434687990170745,0.2380900408196799,0.1506249950433002
