file_path,dataset,label,pred_label,pred_label_enc,proba_angry,proba_happy,proba_neutral,proba_sad
/workspace/datasets/cremad/AudioWAV/1001_DFA_ANG_XX.wav,cremad,angry,happy,1,0.2622249410505865,0.3467739499225671,0.300686868887015,0.09031424013983191
/workspace/datasets/cremad/AudioWAV/1001_DFA_HAP_XX.wav,cremad,happy,happy,1,0.30755396159715565,0.31894788728078044,0.307280702063121,0.06621744905894315
/workspace/datasets/cremad/AudioWAV/1001_DFA_NEU_XX.wav,cremad,neutral,neutral,2,0.20987026713023776,0.26467753861257237,0.39019246011260433,0.13525973414458548
/workspace/datasets/cremad/AudioWAV/1001_DFA_SAD_XX.wav,cremad,sad,neutral,2,0.18275874014445656,0.2870783089310922,0.34044996539763545,0.18971298552681579
/workspace/datasets/cremad/AudioWAV/1001_IEO_ANG_HI.wav,cremad,angry,neutral,2,0.28056443110704327,0.30160149030267414,0.3076607051440941,0.11017337344618873
/workspace/datasets/cremad/AudioWAV/1001_IEO_ANG_LO.wav,cremad,angry,neutral,2,0.27038222401646306,0.2510305664374958,0.3284890033333739,0.15009820621266756
/workspace/datasets/cremad/AudioWAV/1001_IEO_ANG_MD.wav,cremad,angry,angry,0,0.3429895010781592,0.2831101226908617,0.2962429928916186,0.07765738333936055
/workspace/datasets/cremad/AudioWAV/1001_IEO_HAP_HI.wav,cremad,happy,happy,1,0.3022066039388713,0.3133151443763153,0.289236010906318,0.09524224077849568
/workspace/datasets/cremad/AudioWAV/1001_IEO_HAP_LO.wav,cremad,happy,neutral,2,0.17482681602033348,0.2683464376419226,0.3917295319909726,0.16509721434677155
/workspace/datasets/cremad/AudioWAV/1001_IEO_HAP_MD.wav,cremad,happy,angry,0,0.31541115734684155,0.29421232768285427,0.2625356405110189,0.1278408744592855
/workspace/datasets/cremad/AudioWAV/1001_IEO_NEU_XX.wav,cremad,neutral,neutral,2,0.17936906068623518,0.28258969419988,0.3589796736289702,0.17906157148491478
/workspace/datasets/cremad/AudioWAV/1001_IEO_SAD_HI.wav,cremad,sad,happy,1,0.18920001065591888,0.3232870949886398,0.28059973799299676,0.20691315636244467
/workspace/datasets/cremad/AudioWAV/1001_IEO_SAD_LO.wav,cremad,sad,neutral,2,0.1612685548187908,0.30075387257174435,0.3258173867529064,0.2121601858565584
/workspace/datasets/cremad/AudioWAV/1001_IEO_SAD_MD.wav,cremad,sad,neutral,2,0.17083018197171743,0.2974481473442381,0.3465796689680803,0.18514200171596443
/workspace/datasets/cremad/AudioWAV/1001_IOM_ANG_XX.wav,cremad,angry,neutral,2,0.1958393922371405,0.28519098063345216,0.39367479852410525,0.1252948286053026
/workspace/datasets/cremad/AudioWAV/1001_IOM_HAP_XX.wav,cremad,happy,neutral,2,0.20368098956400751,0.3125248382456137,0.34248977216861415,0.14130440002176495
/workspace/datasets/cremad/AudioWAV/1001_IOM_NEU_XX.wav,cremad,neutral,neutral,2,0.1707050386947708,0.31703926324109566,0.3835998723305366,0.12865582573359727
/workspace/datasets/cremad/AudioWAV/1001_IOM_SAD_XX.wav,cremad,sad,neutral,2,0.16211646764540044,0.32133581289947033,0.35886251914241135,0.1576852003127178
/workspace/datasets/cremad/AudioWAV/1001_ITH_ANG_XX.wav,cremad,angry,neutral,2,0.30909200193079484,0.2836535846870474,0.3153447735677783,0.09190963981438008
/workspace/datasets/cremad/AudioWAV/1001_ITH_HAP_XX.wav,cremad,happy,happy,1,0.28552921706249795,0.3671011762105782,0.2749804784953817,0.07238912823154221
/workspace/datasets/cremad/AudioWAV/1001_ITH_NEU_XX.wav,cremad,neutral,neutral,2,0.181996470220269,0.34325089959305993,0.3466878477695318,0.12806478241713928
/workspace/datasets/cremad/AudioWAV/1001_ITH_SAD_XX.wav,cremad,sad,happy,1,0.1744532685239546,0.29765719817534975,0.29402915808227736,0.2338603752184184
/workspace/datasets/cremad/AudioWAV/1001_ITS_ANG_XX.wav,cremad,angry,happy,1,0.25904858735249886,0.3608968766146692,0.268772935152385,0.11128160088044751
/workspace/datasets/cremad/AudioWAV/1001_ITS_HAP_XX.wav,cremad,happy,angry,0,0.38311246323622283,0.3022199471245877,0.21737614559078028,0.0972914440484092
/workspace/datasets/cremad/AudioWAV/1001_ITS_NEU_XX.wav,cremad,neutral,happy,1,0.27751213978784384,0.3525688256763449,0.25391351648642496,0.11600551804938658
/workspace/datasets/cremad/AudioWAV/1001_ITS_SAD_XX.wav,cremad,sad,neutral,2,0.1800429397394555,0.2928893914283774,0.30594226455896895,0.2211254042731982
/workspace/datasets/cremad/AudioWAV/1001_IWL_ANG_XX.wav,cremad,angry,happy,1,0.2589661935402195,0.3557893169392554,0.31024525051431967,0.07499923900620548
/workspace/datasets/cremad/AudioWAV/1001_IWL_HAP_XX.wav,cremad,happy,neutral,2,0.314664863635212,0.25651839748488015,0.3413641247651204,0.08745261411478752
/workspace/datasets/cremad/AudioWAV/1001_IWL_NEU_XX.wav,cremad,neutral,neutral,2,0.16798820529463956,0.3069330828343705,0.4037392468544316,0.12133946501655841
/workspace/datasets/cremad/AudioWAV/1001_IWL_SAD_XX.wav,cremad,sad,neutral,2,0.15435980438811525,0.34752618744302344,0.3684863551142856,0.1296276530545759
/workspace/datasets/cremad/AudioWAV/1001_IWW_ANG_XX.wav,cremad,angry,angry,0,0.32097473085545025,0.3088466979169059,0.2653225828762178,0.10485598835142643
/workspace/datasets/cremad/AudioWAV/1001_IWW_HAP_XX.wav,cremad,happy,angry,0,0.31377944994908047,0.30506401452898685,0.289186619859572,0.09196991566236074
/workspace/datasets/cremad/AudioWAV/1001_IWW_NEU_XX.wav,cremad,neutral,neutral,2,0.14256681932003726,0.27726089023174844,0.4124569971031115,0.16771529334510282
/workspace/datasets/cremad/AudioWAV/1001_IWW_SAD_XX.wav,cremad,sad,neutral,2,0.1804869597757765,0.26737488112027646,0.2975800752854296,0.25455808381851797
/workspace/datasets/cremad/AudioWAV/1001_MTI_ANG_XX.wav,cremad,angry,happy,1,0.28299227115399606,0.3232088157403939,0.29804345860947223,0.09575545449613791
/workspace/datasets/cremad/AudioWAV/1001_MTI_HAP_XX.wav,cremad,happy,angry,0,0.3470708746420252,0.31948393966720473,0.2631761364856855,0.07026904920508477
/workspace/datasets/cremad/AudioWAV/1001_MTI_NEU_XX.wav,cremad,neutral,neutral,2,0.26485566500482827,0.324693412702775,0.32665523646113975,0.08379568583125703
/workspace/datasets/cremad/AudioWAV/1001_MTI_SAD_XX.wav,cremad,sad,neutral,2,0.1770380263618663,0.26640186089581763,0.4135088915198652,0.14305122122245106
/workspace/datasets/cremad/AudioWAV/1001_TAI_ANG_XX.wav,cremad,angry,happy,1,0.3245831300999961,0.32554562842499335,0.25514117391594676,0.09473006755906394
/workspace/datasets/cremad/AudioWAV/1001_TAI_HAP_XX.wav,cremad,happy,happy,1,0.3104369054780822,0.31817194170410323,0.27522573800609706,0.09616541481171784
/workspace/datasets/cremad/AudioWAV/1001_TAI_NEU_XX.wav,cremad,neutral,neutral,2,0.2663052639351677,0.29793828693930524,0.3175842360685964,0.11817221305693094
/workspace/datasets/cremad/AudioWAV/1001_TAI_SAD_XX.wav,cremad,sad,neutral,2,0.14299454376662354,0.24664079466859043,0.33742082690085995,0.2729438346639261
/workspace/datasets/cremad/AudioWAV/1001_TIE_ANG_XX.wav,cremad,angry,happy,1,0.2406423168870197,0.3306059944393129,0.322981103395698,0.10577058527796972
/workspace/datasets/cremad/AudioWAV/1001_TIE_HAP_XX.wav,cremad,happy,angry,0,0.360113595524856,0.26780811308428765,0.2800435272543489,0.09203476413650792
/workspace/datasets/cremad/AudioWAV/1001_TIE_NEU_XX.wav,cremad,neutral,neutral,2,0.24317083005718323,0.2609875465429856,0.37605777375762045,0.11978384964221085
/workspace/datasets/cremad/AudioWAV/1001_TIE_SAD_XX.wav,cremad,sad,neutral,2,0.1764158208393436,0.26405531024609113,0.3273035415670939,0.23222532734747184
/workspace/datasets/cremad/AudioWAV/1001_TSI_ANG_XX.wav,cremad,angry,happy,1,0.3239083776707365,0.3340448518051255,0.2529688894679208,0.0890778810562172
/workspace/datasets/cremad/AudioWAV/1001_TSI_HAP_XX.wav,cremad,happy,happy,1,0.26190333732551496,0.35033030274703136,0.2733954391763035,0.1143709207511505
/workspace/datasets/cremad/AudioWAV/1001_TSI_NEU_XX.wav,cremad,neutral,happy,1,0.312210799156569,0.35212359017048883,0.21752391599681553,0.11814169467612677
/workspace/datasets/cremad/AudioWAV/1001_TSI_SAD_XX.wav,cremad,sad,neutral,2,0.2052277501861941,0.2891228511084272,0.2965843254785443,0.20906507322683454
/workspace/datasets/cremad/AudioWAV/1001_WSI_ANG_XX.wav,cremad,angry,angry,0,0.35765220913990553,0.2876355503957258,0.24524479214350214,0.10946744832086651
/workspace/datasets/cremad/AudioWAV/1001_WSI_HAP_XX.wav,cremad,happy,angry,0,0.3554258807966918,0.2624854034351642,0.2812991040348271,0.10078961173331719
/workspace/datasets/cremad/AudioWAV/1001_WSI_NEU_XX.wav,cremad,neutral,angry,0,0.32351439716319663,0.31826841798754407,0.2577176226551304,0.1004995621941292
/workspace/datasets/cremad/AudioWAV/1001_WSI_SAD_XX.wav,cremad,sad,neutral,2,0.2575117644568147,0.29971349390702406,0.3213913921162908,0.12138334951987069
/workspace/datasets/cremad/AudioWAV/1002_DFA_ANG_XX.wav,cremad,angry,angry,0,0.3927218990030732,0.3503906121595243,0.20020019218896085,0.05668729664844172
/workspace/datasets/cremad/AudioWAV/1002_DFA_HAP_XX.wav,cremad,happy,angry,0,0.35190154015578295,0.32907640550697936,0.24077979859369592,0.07824225574354207
/workspace/datasets/cremad/AudioWAV/1002_DFA_NEU_XX.wav,cremad,neutral,happy,1,0.19695108637990377,0.3157511919425177,0.28372959819783516,0.20356812347974376
/workspace/datasets/cremad/AudioWAV/1002_DFA_SAD_XX.wav,cremad,sad,neutral,2,0.20948860911657974,0.2769781896930109,0.329079339329118,0.18445386186129153
/workspace/datasets/cremad/AudioWAV/1002_IEO_ANG_HI.wav,cremad,angry,angry,0,0.4346671221721558,0.2891836934792654,0.2094115378141358,0.06673764653444315
/workspace/datasets/cremad/AudioWAV/1002_IEO_ANG_LO.wav,cremad,angry,angry,0,0.32321098764636674,0.321665760178202,0.2438783920391432,0.11124486013628833
/workspace/datasets/cremad/AudioWAV/1002_IEO_ANG_MD.wav,cremad,angry,angry,0,0.38793530472763504,0.3162174951373729,0.20454469875764666,0.09130250137734577
/workspace/datasets/cremad/AudioWAV/1002_IEO_HAP_HI.wav,cremad,happy,angry,0,0.3467605873363892,0.3189582760009615,0.24283393409331894,0.09144720256933074
/workspace/datasets/cremad/AudioWAV/1002_IEO_HAP_LO.wav,cremad,happy,happy,1,0.21520190199623246,0.2738299612453406,0.26083964020084827,0.25012849655757896
/workspace/datasets/cremad/AudioWAV/1002_IEO_HAP_MD.wav,cremad,happy,angry,0,0.33139335444631074,0.28845128556656674,0.27220591776664094,0.10794944222048183
/workspace/datasets/cremad/AudioWAV/1002_IEO_NEU_XX.wav,cremad,neutral,neutral,2,0.2050996009617041,0.2591524627929369,0.28218626725388873,0.2535616689914704
/workspace/datasets/cremad/AudioWAV/1002_IEO_SAD_HI.wav,cremad,sad,sad,3,0.14088224550636982,0.206826452390383,0.28110775344308936,0.37118354866015824
/workspace/datasets/cremad/AudioWAV/1002_IEO_SAD_LO.wav,cremad,sad,sad,3,0.1657491900476569,0.2626081193674713,0.28439352656264544,0.2872491640222264
/workspace/datasets/cremad/AudioWAV/1002_IEO_SAD_MD.wav,cremad,sad,neutral,2,0.1644441366335569,0.27298141422489897,0.296242177427352,0.2663322717141923
/workspace/datasets/cremad/AudioWAV/1002_IOM_ANG_XX.wav,cremad,angry,angry,0,0.36936400017760057,0.32770418191033174,0.20281951937457543,0.10011229853749225
/workspace/datasets/cremad/AudioWAV/1002_IOM_HAP_XX.wav,cremad,happy,neutral,2,0.17893918287475546,0.34620357231381627,0.35633813184547164,0.11851911296595667
/workspace/datasets/cremad/AudioWAV/1002_IOM_NEU_XX.wav,cremad,neutral,happy,1,0.18918443338653101,0.2855016461551043,0.2730215505498475,0.2522923699085175
/workspace/datasets/cremad/AudioWAV/1002_IOM_SAD_XX.wav,cremad,sad,neutral,2,0.16780032468551764,0.3233994345520061,0.3491797997888895,0.15962044097358677
/workspace/datasets/cremad/AudioWAV/1002_ITH_ANG_XX.wav,cremad,angry,angry,0,0.42672524113495086,0.2777027184872615,0.20227220942486482,0.09329983095292288
/workspace/datasets/cremad/AudioWAV/1002_ITH_HAP_XX.wav,cremad,happy,angry,0,0.36074251631948706,0.2474223775481305,0.27243449563249017,0.11940061049989234
/workspace/datasets/cremad/AudioWAV/1002_ITH_NEU_XX.wav,cremad,neutral,happy,1,0.19518738326900986,0.28837745118569336,0.26294709936698896,0.25348806617830816
/workspace/datasets/cremad/AudioWAV/1002_ITH_SAD_XX.wav,cremad,sad,neutral,2,0.20477903332790476,0.2532670879663875,0.305875110601527,0.2360787681041807
/workspace/datasets/cremad/AudioWAV/1002_ITS_ANG_XX.wav,cremad,angry,angry,0,0.34279275137237164,0.3074280696221979,0.22865545254237124,0.12112372646305936
/workspace/datasets/cremad/AudioWAV/1002_ITS_HAP_XX.wav,cremad,happy,angry,0,0.3724371563245908,0.30481205691976704,0.22410553527791607,0.09864525147772586
/workspace/datasets/cremad/AudioWAV/1002_ITS_NEU_XX.wav,cremad,neutral,happy,1,0.21073902198688654,0.31325337887455934,0.2678069775398299,0.20820062159872454
/workspace/datasets/cremad/AudioWAV/1002_ITS_SAD_XX.wav,cremad,sad,sad,3,0.18240383895851253,0.22536887428223681,0.2811400826084599,0.3110872041507907
/workspace/datasets/cremad/AudioWAV/1002_IWL_ANG_XX.wav,cremad,angry,angry,0,0.3466011550343769,0.32438877570784447,0.24411684332247552,0.084893225935303
/workspace/datasets/cremad/AudioWAV/1002_IWL_HAP_XX.wav,cremad,happy,angry,0,0.34864291723658625,0.30097658893338264,0.23440617924052834,0.11597431458950319
/workspace/datasets/cremad/AudioWAV/1002_IWL_NEU_XX.wav,cremad,neutral,neutral,2,0.20894528553660252,0.2726727230090809,0.30520775574727677,0.21317423570703992
/workspace/datasets/cremad/AudioWAV/1002_IWL_SAD_XX.wav,cremad,sad,happy,1,0.14567048592206178,0.3224852509577813,0.30572463159411345,0.2261196315260436
/workspace/datasets/cremad/AudioWAV/1002_IWW_ANG_XX.wav,cremad,angry,happy,1,0.3164544384738858,0.32720760247359026,0.2640269495638228,0.0923110094887012
/workspace/datasets/cremad/AudioWAV/1002_IWW_HAP_XX.wav,cremad,happy,angry,0,0.317485253283215,0.31655118192558906,0.2659343499656345,0.10002921482556153
/workspace/datasets/cremad/AudioWAV/1002_IWW_NEU_XX.wav,cremad,neutral,happy,1,0.23411520294512336,0.27980574260429547,0.26492328260169873,0.2211557718488826
/workspace/datasets/cremad/AudioWAV/1002_IWW_SAD_XX.wav,cremad,sad,neutral,2,0.15644515133875128,0.25791824894781534,0.29850113012744706,0.28713546958598646
/workspace/datasets/cremad/AudioWAV/1002_MTI_ANG_XX.wav,cremad,angry,angry,0,0.33386939470927196,0.29526042299224686,0.26879080434699115,0.10207937795149018
/workspace/datasets/cremad/AudioWAV/1002_MTI_HAP_XX.wav,cremad,happy,angry,0,0.33116129880409917,0.31610822158551444,0.2553260849659292,0.09740439464445742
/workspace/datasets/cremad/AudioWAV/1002_MTI_NEU_XX.wav,cremad,neutral,happy,1,0.1730255559604297,0.30226849964922253,0.2860968724200045,0.23860907197034303
/workspace/datasets/cremad/AudioWAV/1002_MTI_SAD_XX.wav,cremad,sad,neutral,2,0.16705802704789208,0.2833098287189976,0.30000752843330725,0.24962461579980327
/workspace/datasets/cremad/AudioWAV/1002_TAI_ANG_XX.wav,cremad,angry,happy,1,0.33543790882479363,0.3839544898586489,0.21458547376083179,0.06602212755572615
/workspace/datasets/cremad/AudioWAV/1002_TAI_HAP_XX.wav,cremad,happy,angry,0,0.36384590216261764,0.3352364489663402,0.21661813189688225,0.08429951697416048
/workspace/datasets/cremad/AudioWAV/1002_TAI_NEU_XX.wav,cremad,neutral,sad,3,0.17638782899463,0.24876240036272418,0.2731000571743654,0.3017497134682806
/workspace/datasets/cremad/AudioWAV/1002_TAI_SAD_XX.wav,cremad,sad,neutral,2,0.19480812352068663,0.2744858094306124,0.3339355449400554,0.19677052210864587
/workspace/datasets/cremad/AudioWAV/1002_TIE_ANG_XX.wav,cremad,angry,angry,0,0.420099060218026,0.31314982634214317,0.16888201509305215,0.09786909834677894
/workspace/datasets/cremad/AudioWAV/1002_TIE_HAP_XX.wav,cremad,happy,angry,0,0.37810110333298086,0.31379453697629467,0.20443876689290666,0.10366559279781792
/workspace/datasets/cremad/AudioWAV/1002_TIE_SAD_XX.wav,cremad,sad,angry,0,0.38947288672579555,0.3027170604564285,0.21617444876011901,0.09163560405765722
/workspace/datasets/cremad/AudioWAV/1002_TSI_ANG_XX.wav,cremad,angry,angry,0,0.4141017470739895,0.298595670105655,0.2015975827072588,0.08570500011309677
/workspace/datasets/cremad/AudioWAV/1002_TSI_HAP_XX.wav,cremad,happy,happy,1,0.31638894592719674,0.36349278023052173,0.2540354879360601,0.06608278590622181
/workspace/datasets/cremad/AudioWAV/1002_TSI_NEU_XX.wav,cremad,neutral,neutral,2,0.21668717790270112,0.2724581516195753,0.29753658213069367,0.2133180883470299
/workspace/datasets/cremad/AudioWAV/1002_TSI_SAD_XX.wav,cremad,sad,sad,3,0.21826321304445384,0.25408431238495144,0.2538260503617485,0.2738264242088464
/workspace/datasets/cremad/AudioWAV/1002_WSI_ANG_XX.wav,cremad,angry,angry,0,0.39712631774134344,0.25678403229500046,0.26154843101690556,0.08454121894675065
/workspace/datasets/cremad/AudioWAV/1002_WSI_HAP_XX.wav,cremad,happy,angry,0,0.38166174885993365,0.31582748252893544,0.2159937139795554,0.08651705463157548
/workspace/datasets/cremad/AudioWAV/1002_WSI_NEU_XX.wav,cremad,neutral,happy,1,0.2712318620064275,0.3248310252321206,0.23448648303827446,0.16945062972317768
/workspace/datasets/cremad/AudioWAV/1002_WSI_SAD_XX.wav,cremad,sad,happy,1,0.2338700099923061,0.28154396713855007,0.24118251217393852,0.2434035106952056
/workspace/datasets/cremad/AudioWAV/1003_DFA_ANG_XX.wav,cremad,angry,angry,0,0.4261967891604181,0.30880743144817496,0.2106300586289393,0.05436572076246793
/workspace/datasets/cremad/AudioWAV/1003_DFA_HAP_XX.wav,cremad,happy,neutral,2,0.2516578946960886,0.32251975147754536,0.3292067136171941,0.09661564020917207
/workspace/datasets/cremad/AudioWAV/1003_DFA_NEU_XX.wav,cremad,neutral,angry,0,0.34100640927030346,0.2609855137283419,0.23971992229685263,0.15828815470450222
/workspace/datasets/cremad/AudioWAV/1003_DFA_SAD_XX.wav,cremad,sad,neutral,2,0.19204731145074774,0.2646359953553558,0.28251040368189256,0.26080628951200424
/workspace/datasets/cremad/AudioWAV/1003_IEO_ANG_HI.wav,cremad,angry,angry,0,0.37859252074961824,0.3644702637950875,0.19251775473963104,0.06441946071566375
/workspace/datasets/cremad/AudioWAV/1003_IEO_ANG_LO.wav,cremad,angry,happy,1,0.2742928280899437,0.3475132377180167,0.29491905894124454,0.0832748752507952
/workspace/datasets/cremad/AudioWAV/1003_IEO_ANG_MD.wav,cremad,angry,happy,1,0.31372927591321714,0.3525535603597941,0.22341174472910763,0.11030541899788111
/workspace/datasets/cremad/AudioWAV/1003_IEO_HAP_HI.wav,cremad,happy,happy,1,0.2405882328472426,0.3285251582532321,0.32001291303248197,0.11087369586704345
/workspace/datasets/cremad/AudioWAV/1003_IEO_HAP_LO.wav,cremad,happy,neutral,2,0.22151288501288377,0.2578135053124533,0.2841088343799133,0.2365647752947499
/workspace/datasets/cremad/AudioWAV/1003_IEO_HAP_MD.wav,cremad,happy,happy,1,0.22172337815249588,0.3418839116601686,0.30459560290476256,0.13179710728257296
/workspace/datasets/cremad/AudioWAV/1003_IEO_NEU_XX.wav,cremad,neutral,neutral,2,0.17290152401915068,0.2554333577226277,0.33077309871161037,0.24089201954661127
/workspace/datasets/cremad/AudioWAV/1003_IEO_SAD_HI.wav,cremad,sad,sad,3,0.14111459957322128,0.22290112954143382,0.28467648616084973,0.35130778472449536
/workspace/datasets/cremad/AudioWAV/1003_IEO_SAD_LO.wav,cremad,sad,sad,3,0.14244796526140927,0.20444253638582197,0.275528897467698,0.3775806008850707
/workspace/datasets/cremad/AudioWAV/1003_IEO_SAD_MD.wav,cremad,sad,sad,3,0.17405797892890626,0.22398089678571423,0.2871182911631143,0.3148428331222655
/workspace/datasets/cremad/AudioWAV/1003_IOM_ANG_XX.wav,cremad,angry,angry,0,0.40133720158339914,0.35274379544036777,0.17058902211477495,0.0753299808614581
/workspace/datasets/cremad/AudioWAV/1003_IOM_HAP_XX.wav,cremad,happy,happy,1,0.25679247727949,0.3620931223098981,0.2768985744924369,0.10421582591817513
/workspace/datasets/cremad/AudioWAV/1003_IOM_NEU_XX.wav,cremad,neutral,happy,1,0.30472422346998207,0.3146303564052313,0.2756812526563085,0.10496416746847823
/workspace/datasets/cremad/AudioWAV/1003_IOM_SAD_XX.wav,cremad,sad,neutral,2,0.1407538033621675,0.247930725674937,0.3598660308910695,0.25144944007182607
/workspace/datasets/cremad/AudioWAV/1003_ITH_ANG_XX.wav,cremad,angry,happy,1,0.3487571070710657,0.36998677112267153,0.19554647158223237,0.08570965022403058
/workspace/datasets/cremad/AudioWAV/1003_ITH_HAP_XX.wav,cremad,happy,happy,1,0.28012129180036194,0.3380386178090368,0.2715739797209664,0.11026611066963525
/workspace/datasets/cremad/AudioWAV/1003_ITH_NEU_XX.wav,cremad,neutral,angry,0,0.3131092381277874,0.3014295462495723,0.2741611039526581,0.11130011166998227
/workspace/datasets/cremad/AudioWAV/1003_ITH_SAD_XX.wav,cremad,sad,happy,1,0.2331806357353321,0.2910317446802497,0.25086029704712565,0.2249273225372926
/workspace/datasets/cremad/AudioWAV/1003_ITS_ANG_XX.wav,cremad,angry,angry,0,0.40089201708915767,0.32148216820379305,0.18299827755897222,0.0946275371480774
/workspace/datasets/cremad/AudioWAV/1003_ITS_HAP_XX.wav,cremad,happy,happy,1,0.2962764542634775,0.30599431400836774,0.2701025155972414,0.1276267161309134
/workspace/datasets/cremad/AudioWAV/1003_ITS_NEU_XX.wav,cremad,neutral,happy,1,0.21202069526297238,0.301510092092466,0.2754587065473477,0.21101050609721395
/workspace/datasets/cremad/AudioWAV/1003_ITS_SAD_XX.wav,cremad,sad,sad,3,0.17195909838238738,0.2728151170835482,0.24342110609667159,0.31180467843739307
/workspace/datasets/cremad/AudioWAV/1003_IWL_ANG_XX.wav,cremad,angry,angry,0,0.3637959348940268,0.3462947941329025,0.19363348929223392,0.09627578168083685
/workspace/datasets/cremad/AudioWAV/1003_IWL_HAP_XX.wav,cremad,happy,happy,1,0.290731921389428,0.36091027832926104,0.2474071022591306,0.1009506980221806
/workspace/datasets/cremad/AudioWAV/1003_IWL_NEU_XX.wav,cremad,neutral,happy,1,0.24113168274521637,0.35089216450872823,0.29493681517512454,0.11303933757093082
/workspace/datasets/cremad/AudioWAV/1003_IWL_SAD_XX.wav,cremad,sad,neutral,2,0.22839714331029237,0.2831662252331841,0.31308400331513725,0.17535262814138647
/workspace/datasets/cremad/AudioWAV/1003_IWW_ANG_XX.wav,cremad,angry,happy,1,0.2745329913932028,0.4139242368662396,0.2180418563770948,0.0935009153634628
/workspace/datasets/cremad/AudioWAV/1003_IWW_HAP_XX.wav,cremad,happy,angry,0,0.3353869749377105,0.309891811382737,0.24204000945274193,0.11268120422681072
/workspace/datasets/cremad/AudioWAV/1003_IWW_NEU_XX.wav,cremad,neutral,neutral,2,0.246446952928136,0.25343510190760016,0.3089025265370472,0.19121541862721686
/workspace/datasets/cremad/AudioWAV/1003_IWW_SAD_XX.wav,cremad,sad,sad,3,0.14155062381012726,0.22878142764775622,0.302764803262908,0.3269031452792084
/workspace/datasets/cremad/AudioWAV/1003_MTI_ANG_XX.wav,cremad,angry,angry,0,0.39524553829432607,0.315947993751926,0.19612049424125214,0.09268597371249583
/workspace/datasets/cremad/AudioWAV/1003_MTI_HAP_XX.wav,cremad,happy,happy,1,0.2589796792448582,0.3503880090038731,0.28580130675163296,0.10483100499963602
/workspace/datasets/cremad/AudioWAV/1003_MTI_NEU_XX.wav,cremad,neutral,neutral,2,0.22651819261338996,0.2810336992575364,0.2924080957331374,0.20004001239593644
/workspace/datasets/cremad/AudioWAV/1003_MTI_SAD_XX.wav,cremad,sad,happy,1,0.2321885186586421,0.302706882356109,0.28129002614912824,0.18381457283612077
/workspace/datasets/cremad/AudioWAV/1003_TAI_ANG_XX.wav,cremad,angry,happy,1,0.33661131267305505,0.3776602400945751,0.19399771373665434,0.09173073349571582
/workspace/datasets/cremad/AudioWAV/1003_TAI_HAP_XX.wav,cremad,happy,angry,0,0.34320079515228774,0.2938617148524368,0.26927514678288156,0.09366234321239428
/workspace/datasets/cremad/AudioWAV/1003_TAI_NEU_XX.wav,cremad,neutral,angry,0,0.3080628032611463,0.2940208201055403,0.2852108930619666,0.11270548357134651
/workspace/datasets/cremad/AudioWAV/1003_TAI_SAD_XX.wav,cremad,sad,neutral,2,0.2659050305112241,0.2953890108637478,0.2991520105622652,0.13955394806276294
/workspace/datasets/cremad/AudioWAV/1003_TIE_ANG_XX.wav,cremad,angry,angry,0,0.4133103507502339,0.2767022806013332,0.22484658963996731,0.08514077900846556
/workspace/datasets/cremad/AudioWAV/1003_TIE_HAP_XX.wav,cremad,happy,happy,1,0.23972325959588006,0.3085477398886788,0.2908656143141488,0.16086338620129265
/workspace/datasets/cremad/AudioWAV/1003_TIE_NEU_XX.wav,cremad,neutral,angry,0,0.308631065143649,0.2625202315453308,0.28046726417367884,0.14838143913734153
/workspace/datasets/cremad/AudioWAV/1003_TIE_SAD_XX.wav,cremad,sad,happy,1,0.23623003414442756,0.2671179285963286,0.2404701524116103,0.2561818848476339
/workspace/datasets/cremad/AudioWAV/1003_TSI_ANG_XX.wav,cremad,angry,happy,1,0.3091097865271586,0.3102382255407721,0.23142369857289397,0.14922828935917576
/workspace/datasets/cremad/AudioWAV/1003_TSI_HAP_XX.wav,cremad,happy,happy,1,0.24976225825922882,0.3054713631367192,0.26140464196563895,0.18336173663841318
/workspace/datasets/cremad/AudioWAV/1003_TSI_NEU_XX.wav,cremad,neutral,happy,1,0.2542454945918756,0.30419141709882785,0.26848445858413605,0.17307862972516058
/workspace/datasets/cremad/AudioWAV/1003_TSI_SAD_XX.wav,cremad,sad,neutral,2,0.14001461591376765,0.23106729139186652,0.36262547709629556,0.26629261559807044
/workspace/datasets/cremad/AudioWAV/1003_WSI_ANG_XX.wav,cremad,angry,angry,0,0.40435764338025876,0.32655592505692566,0.18684038555861207,0.08224604600420364
/workspace/datasets/cremad/AudioWAV/1003_WSI_HAP_XX.wav,cremad,happy,happy,1,0.3042266081825616,0.317938854204623,0.2746007837441298,0.10323375386868609
/workspace/datasets/cremad/AudioWAV/1003_WSI_NEU_XX.wav,cremad,neutral,happy,1,0.2631909411626738,0.3190003655933602,0.2279584077732185,0.18985028547074773
/workspace/datasets/cremad/AudioWAV/1003_WSI_SAD_XX.wav,cremad,sad,happy,1,0.1784738207542598,0.28572407314874015,0.27942766183811807,0.25637444425888206
/workspace/datasets/cremad/AudioWAV/1004_DFA_ANG_XX.wav,cremad,angry,angry,0,0.42913647406530797,0.3141077356028052,0.18412009903681031,0.0726356912950766
/workspace/datasets/cremad/AudioWAV/1004_DFA_HAP_XX.wav,cremad,happy,happy,1,0.2892245777916944,0.32119845528918917,0.3071599122072637,0.08241705471185291
/workspace/datasets/cremad/AudioWAV/1004_DFA_NEU_XX.wav,cremad,neutral,happy,1,0.2975422485669854,0.3032523764675436,0.2638191797567958,0.13538619520867523
/workspace/datasets/cremad/AudioWAV/1004_DFA_SAD_XX.wav,cremad,sad,neutral,2,0.16551622416944223,0.2449739237591965,0.310713022177318,0.2787968298940436
/workspace/datasets/cremad/AudioWAV/1004_IEO_ANG_HI.wav,cremad,angry,angry,0,0.42572761514099666,0.34607722459495555,0.15617445811162095,0.07202070215242688
/workspace/datasets/cremad/AudioWAV/1004_IEO_ANG_LO.wav,cremad,angry,angry,0,0.36176475479432585,0.2854546171522419,0.2709508544232638,0.08182977363016873
/workspace/datasets/cremad/AudioWAV/1004_IEO_ANG_MD.wav,cremad,angry,happy,1,0.34067149893662035,0.340908569666761,0.2106720731965834,0.10774785820003531
/workspace/datasets/cremad/AudioWAV/1004_IEO_HAP_HI.wav,cremad,happy,happy,1,0.36540882492258037,0.37485500165197366,0.1872767703890526,0.07245940303639371
/workspace/datasets/cremad/AudioWAV/1004_IEO_HAP_LO.wav,cremad,happy,neutral,2,0.18674448713304007,0.245955841811553,0.30923117406265144,0.25806849699275586
/workspace/datasets/cremad/AudioWAV/1004_IEO_HAP_MD.wav,cremad,happy,angry,0,0.39071749741738127,0.2806509446553684,0.23210798607368396,0.0965235718535663
/workspace/datasets/cremad/AudioWAV/1004_IEO_NEU_XX.wav,cremad,neutral,sad,3,0.1801381973838893,0.23509721562698183,0.2773721011658276,0.30739248582330175
/workspace/datasets/cremad/AudioWAV/1004_IEO_SAD_HI.wav,cremad,sad,sad,3,0.14770998365583674,0.28188848291679713,0.26419444101925504,0.3062070924081113
/workspace/datasets/cremad/AudioWAV/1004_IEO_SAD_LO.wav,cremad,sad,sad,3,0.16872460327450406,0.24909375688672725,0.2746793224002223,0.3075023174385466
/workspace/datasets/cremad/AudioWAV/1004_IEO_SAD_MD.wav,cremad,sad,neutral,2,0.1325323412256641,0.25398825645048456,0.311739312989503,0.3017400893343487
/workspace/datasets/cremad/AudioWAV/1004_IOM_ANG_XX.wav,cremad,angry,angry,0,0.40661667302734095,0.263046269249513,0.24535505040761063,0.0849820073155356
/workspace/datasets/cremad/AudioWAV/1004_IOM_HAP_XX.wav,cremad,happy,angry,0,0.33115277329492143,0.31803586719010424,0.2656402978176068,0.08517106169736804
/workspace/datasets/cremad/AudioWAV/1004_IOM_NEU_XX.wav,cremad,neutral,neutral,2,0.19399364076512687,0.2304640205879004,0.31560954783042006,0.2599327908165529
/workspace/datasets/cremad/AudioWAV/1004_IOM_SAD_XX.wav,cremad,sad,neutral,2,0.15847616186467728,0.28018894688729795,0.31738865079813794,0.24394624044988716
/workspace/datasets/cremad/AudioWAV/1004_ITH_ANG_XX.wav,cremad,angry,angry,0,0.42883371916566837,0.2909469810608865,0.2142332357160605,0.06598606405738482
/workspace/datasets/cremad/AudioWAV/1004_ITH_HAP_XX.wav,cremad,happy,angry,0,0.29198722227150975,0.2653540739138538,0.25083809774701443,0.1918206060676219
/workspace/datasets/cremad/AudioWAV/1004_ITH_NEU_XX.wav,cremad,neutral,happy,1,0.26702117109430257,0.2895392158745944,0.27627243252044725,0.16716718051065588
/workspace/datasets/cremad/AudioWAV/1004_ITH_SAD_XX.wav,cremad,sad,sad,3,0.16264130820335243,0.24823216450757835,0.28861243159980876,0.30051409568926063
/workspace/datasets/cremad/AudioWAV/1004_ITS_ANG_XX.wav,cremad,angry,angry,0,0.40023222793277646,0.26696482955774803,0.25043395066955304,0.08236899183992269
/workspace/datasets/cremad/AudioWAV/1004_ITS_HAP_XX.wav,cremad,happy,angry,0,0.31993026278308007,0.3188129189876239,0.23092660894998718,0.13033020927930894
/workspace/datasets/cremad/AudioWAV/1004_ITS_NEU_XX.wav,cremad,neutral,happy,1,0.30437789787645214,0.3091986571392502,0.2560473262538605,0.13037611873043725
/workspace/datasets/cremad/AudioWAV/1004_ITS_SAD_XX.wav,cremad,sad,happy,1,0.22393744666774573,0.2717783971578017,0.2502100828922935,0.25407407328215914
/workspace/datasets/cremad/AudioWAV/1004_IWL_ANG_XX.wav,cremad,angry,angry,0,0.4536123270821753,0.25311125575198284,0.2071872004532892,0.0860892167125526
/workspace/datasets/cremad/AudioWAV/1004_IWL_HAP_XX.wav,cremad,happy,happy,1,0.2662365171556301,0.3684198052040575,0.2686978438602,0.09664583378011253
/workspace/datasets/cremad/AudioWAV/1004_IWL_NEU_XX.wav,cremad,neutral,angry,0,0.30824574386518533,0.29576853135986503,0.27329240656137516,0.12269331821357482
/workspace/datasets/cremad/AudioWAV/1004_IWL_SAD_XX.wav,cremad,sad,happy,1,0.2682145302419809,0.32103849563875236,0.30046002701170055,0.11028694710756616
/workspace/datasets/cremad/AudioWAV/1004_IWW_ANG_XX.wav,cremad,angry,angry,0,0.33032243026773034,0.25771809332728934,0.27141017169675014,0.1405493047082303
/workspace/datasets/cremad/AudioWAV/1004_IWW_HAP_XX.wav,cremad,happy,neutral,2,0.20002116047322077,0.2527761309753514,0.27871479279771394,0.2684879157537139
/workspace/datasets/cremad/AudioWAV/1004_IWW_NEU_XX.wav,cremad,neutral,neutral,2,0.19599659261609975,0.2837807366780016,0.30265259315284004,0.21757007755305882
/workspace/datasets/cremad/AudioWAV/1004_IWW_SAD_XX.wav,cremad,sad,sad,3,0.1558467008073082,0.24227783658105262,0.3004628983288544,0.30141256428278507
/workspace/datasets/cremad/AudioWAV/1004_MTI_ANG_XX.wav,cremad,angry,angry,0,0.3551532646866814,0.28456453574553686,0.24883256606752316,0.11144963350025884
/workspace/datasets/cremad/AudioWAV/1004_MTI_HAP_XX.wav,cremad,happy,neutral,2,0.1794826142032513,0.23303736476183082,0.33457116840765766,0.25290885262726065
/workspace/datasets/cremad/AudioWAV/1004_MTI_NEU_XX.wav,cremad,neutral,happy,1,0.26460862331865,0.3026530394829347,0.28151191296709316,0.15122642423132227
/workspace/datasets/cremad/AudioWAV/1004_MTI_SAD_XX.wav,cremad,sad,sad,3,0.16780731410424557,0.21427380146998573,0.29971309796806445,0.31820578645770425
/workspace/datasets/cremad/AudioWAV/1004_TAI_ANG_XX.wav,cremad,angry,angry,0,0.3813182861044021,0.2740280386009523,0.25113218327997855,0.09352149201466721
/workspace/datasets/cremad/AudioWAV/1004_TAI_HAP_XX.wav,cremad,happy,neutral,2,0.21935449409146876,0.26070185256806305,0.2701133818639228,0.24983027147654555
/workspace/datasets/cremad/AudioWAV/1004_TAI_NEU_XX.wav,cremad,neutral,happy,1,0.24859882937106564,0.3335053054495546,0.25954674919488024,0.15834911598449966
/workspace/datasets/cremad/AudioWAV/1004_TAI_SAD_XX.wav,cremad,sad,neutral,2,0.19238371114384756,0.21202583007718295,0.3148985639098751,0.28069189486909424
/workspace/datasets/cremad/AudioWAV/1004_TIE_ANG_XX.wav,cremad,angry,angry,0,0.4617971729677584,0.2889842510582408,0.16027767260555695,0.0889409033684439
/workspace/datasets/cremad/AudioWAV/1004_TIE_HAP_XX.wav,cremad,happy,angry,0,0.3940001478082477,0.2977619016393726,0.22073827436726642,0.08749967618511309
/workspace/datasets/cremad/AudioWAV/1004_TIE_NEU_XX.wav,cremad,neutral,sad,3,0.20189106425978284,0.25289118807142874,0.26593743437937883,0.2792803132894098
/workspace/datasets/cremad/AudioWAV/1004_TIE_SAD_XX.wav,cremad,sad,sad,3,0.17578697587476522,0.25700368653128297,0.2803322622412783,0.2868770753526738
/workspace/datasets/cremad/AudioWAV/1004_TSI_ANG_XX.wav,cremad,angry,angry,0,0.4372614045376868,0.2788136674562656,0.20480863120365084,0.07911629680239689
/workspace/datasets/cremad/AudioWAV/1004_TSI_HAP_XX.wav,cremad,happy,happy,1,0.25156202841505343,0.33937646492019424,0.2579322204304343,0.15112928623431843
/workspace/datasets/cremad/AudioWAV/1004_TSI_NEU_XX.wav,cremad,neutral,happy,1,0.2896603032981265,0.31173499600070703,0.2741271545053577,0.12447754619580916
/workspace/datasets/cremad/AudioWAV/1004_TSI_SAD_XX.wav,cremad,sad,sad,3,0.1527820683451791,0.2581202137487185,0.2890443322503576,0.30005338565574524
/workspace/datasets/cremad/AudioWAV/1004_WSI_ANG_XX.wav,cremad,angry,angry,0,0.4358792169323052,0.26302360746634607,0.21718727816342234,0.08390989743792626
/workspace/datasets/cremad/AudioWAV/1004_WSI_HAP_XX.wav,cremad,happy,angry,0,0.36419634090948677,0.32254277506580076,0.21777157999831157,0.09548930402640114
/workspace/datasets/cremad/AudioWAV/1004_WSI_NEU_XX.wav,cremad,neutral,happy,1,0.27994349678959984,0.31389175966251925,0.30519931273845424,0.10096543080942688
/workspace/datasets/cremad/AudioWAV/1004_WSI_SAD_XX.wav,cremad,sad,sad,3,0.16716450195150354,0.23093771820157444,0.2715383527955309,0.3303594270513912
/workspace/datasets/cremad/AudioWAV/1005_DFA_ANG_XX.wav,cremad,angry,angry,0,0.3836668100300375,0.25249164853202005,0.2753648116064506,0.08847672983149177
/workspace/datasets/cremad/AudioWAV/1005_DFA_HAP_XX.wav,cremad,happy,angry,0,0.3407805464439984,0.3320206957893669,0.24605655030880502,0.08114220745782996
/workspace/datasets/cremad/AudioWAV/1005_DFA_NEU_XX.wav,cremad,neutral,happy,1,0.25507654940285,0.3295861472785301,0.30980150245886257,0.10553580085975744
/workspace/datasets/cremad/AudioWAV/1005_DFA_SAD_XX.wav,cremad,sad,neutral,2,0.19723458440102573,0.29147431347082886,0.3195383016179737,0.1917528005101719
/workspace/datasets/cremad/AudioWAV/1005_IEO_ANG_HI.wav,cremad,angry,angry,0,0.402840809840396,0.29393290625064006,0.21844116070957648,0.08478512319938736
/workspace/datasets/cremad/AudioWAV/1005_IEO_ANG_LO.wav,cremad,angry,neutral,2,0.26717691600702986,0.26805874338932195,0.33716775336058175,0.12759658724306663
/workspace/datasets/cremad/AudioWAV/1005_IEO_ANG_MD.wav,cremad,angry,happy,1,0.26302119586704237,0.3257408813466931,0.29590961208248656,0.11532831070377839
/workspace/datasets/cremad/AudioWAV/1005_IEO_HAP_HI.wav,cremad,happy,angry,0,0.31414747671517806,0.28086549317392173,0.28049903817375493,0.12448799193714535
/workspace/datasets/cremad/AudioWAV/1005_IEO_HAP_LO.wav,cremad,happy,sad,3,0.16182613489558775,0.2346735529215109,0.2932795583808555,0.3102207538020459
/workspace/datasets/cremad/AudioWAV/1005_IEO_HAP_MD.wav,cremad,happy,neutral,2,0.20758759214752318,0.27541035795645047,0.29422136380114783,0.22278068609487864
/workspace/datasets/cremad/AudioWAV/1005_IEO_NEU_XX.wav,cremad,neutral,sad,3,0.1669620936072621,0.27149873962386484,0.2730027245997245,0.2885364421691486
/workspace/datasets/cremad/AudioWAV/1005_IEO_SAD_HI.wav,cremad,sad,neutral,2,0.19455239119629053,0.2886858484980207,0.30841221701619914,0.20834954328948968
/workspace/datasets/cremad/AudioWAV/1005_IEO_SAD_LO.wav,cremad,sad,neutral,2,0.15694343591086388,0.2796458656992593,0.2886725862516644,0.27473811213821236
/workspace/datasets/cremad/AudioWAV/1005_IEO_SAD_MD.wav,cremad,sad,neutral,2,0.18741724350213995,0.23907564216978489,0.3280181887948095,0.2454889255332656
/workspace/datasets/cremad/AudioWAV/1005_IOM_ANG_XX.wav,cremad,angry,angry,0,0.4132552037111332,0.2832178454647455,0.21188882181130814,0.0916381290128132
/workspace/datasets/cremad/AudioWAV/1005_IOM_HAP_XX.wav,cremad,happy,happy,1,0.2436310411950009,0.37410955492897136,0.28609257262056714,0.09616683125546086
/workspace/datasets/cremad/AudioWAV/1005_IOM_NEU_XX.wav,cremad,neutral,neutral,2,0.16948652935892944,0.27653811765338776,0.37448700567620363,0.17948834731147922
/workspace/datasets/cremad/AudioWAV/1005_IOM_SAD_XX.wav,cremad,sad,neutral,2,0.1519125355383308,0.263799963931651,0.3046047923010906,0.2796827082289275
/workspace/datasets/cremad/AudioWAV/1005_ITH_ANG_XX.wav,cremad,angry,angry,0,0.3465409764287712,0.29419691177784907,0.28041381569531976,0.07884829609805993
/workspace/datasets/cremad/AudioWAV/1005_ITH_HAP_XX.wav,cremad,happy,happy,1,0.2741029170768693,0.3229313048949557,0.3185688483228732,0.08439692970530224
/workspace/datasets/cremad/AudioWAV/1005_ITH_NEU_XX.wav,cremad,neutral,happy,1,0.27364712582321,0.34292400603442597,0.28235850462728107,0.10107036351508329
/workspace/datasets/cremad/AudioWAV/1005_ITH_SAD_XX.wav,cremad,sad,neutral,2,0.20902172852205303,0.29250178004444966,0.3253030775681851,0.17317341386531246
/workspace/datasets/cremad/AudioWAV/1005_ITS_ANG_XX.wav,cremad,angry,angry,0,0.4001915686414357,0.3207522416724194,0.19839484782690991,0.0806613418592349
/workspace/datasets/cremad/AudioWAV/1005_ITS_HAP_XX.wav,cremad,happy,angry,0,0.41052801817135226,0.28765383204901446,0.2034702441629239,0.09834790561670963
/workspace/datasets/cremad/AudioWAV/1005_ITS_NEU_XX.wav,cremad,neutral,happy,1,0.2834301586613229,0.35146915917515004,0.26022875662896944,0.10487192553455787
/workspace/datasets/cremad/AudioWAV/1005_ITS_SAD_XX.wav,cremad,sad,angry,0,0.3141068697105531,0.29755582731511687,0.2707308671232997,0.11760643585103052
/workspace/datasets/cremad/AudioWAV/1005_IWL_ANG_XX.wav,cremad,angry,happy,1,0.26644513509916473,0.3778398334918891,0.26147219978618286,0.09424283162276324
/workspace/datasets/cremad/AudioWAV/1005_IWL_HAP_XX.wav,cremad,happy,happy,1,0.23101112633932672,0.3652579977480602,0.28214379518373955,0.12158708072887324
/workspace/datasets/cremad/AudioWAV/1005_IWL_NEU_XX.wav,cremad,neutral,neutral,2,0.2138109066191456,0.3297028179035357,0.3513033894654344,0.10518288601188447
/workspace/datasets/cremad/AudioWAV/1005_IWL_SAD_XX.wav,cremad,sad,neutral,2,0.15092685041877887,0.3018379415465517,0.3693325776668164,0.1779026303678534
/workspace/datasets/cremad/AudioWAV/1005_IWW_ANG_XX.wav,cremad,angry,happy,1,0.17553944005957564,0.31062645091518926,0.27789423861754126,0.23593987040769437
/workspace/datasets/cremad/AudioWAV/1005_IWW_HAP_XX.wav,cremad,happy,happy,1,0.24291793397992398,0.3312509985579938,0.2721652804798778,0.1536657869822046
/workspace/datasets/cremad/AudioWAV/1005_IWW_NEU_XX.wav,cremad,neutral,happy,1,0.1805865644182846,0.3501038009859599,0.24624354166701323,0.2230660929287424
/workspace/datasets/cremad/AudioWAV/1005_IWW_SAD_XX.wav,cremad,sad,neutral,2,0.1549089818586764,0.2671003187464818,0.32773658379663234,0.2502541155982094
/workspace/datasets/cremad/AudioWAV/1005_MTI_ANG_XX.wav,cremad,angry,happy,1,0.2556774174001579,0.3567384046376404,0.31951105921451595,0.06807311874768585
/workspace/datasets/cremad/AudioWAV/1005_MTI_HAP_XX.wav,cremad,happy,happy,1,0.27537145010925335,0.35304318462184725,0.2885134002647344,0.08307196500416525
/workspace/datasets/cremad/AudioWAV/1005_MTI_NEU_XX.wav,cremad,neutral,neutral,2,0.1480496872698626,0.2951759066573476,0.389947633811541,0.1668267722612488
/workspace/datasets/cremad/AudioWAV/1005_MTI_SAD_XX.wav,cremad,sad,neutral,2,0.16741449072570344,0.3107158998830671,0.3708599581779699,0.15100965121325977
/workspace/datasets/cremad/AudioWAV/1005_TAI_ANG_XX.wav,cremad,angry,happy,1,0.30383675652597353,0.33184302158144613,0.2542583858395701,0.11006183605301016
/workspace/datasets/cremad/AudioWAV/1005_TAI_HAP_XX.wav,cremad,happy,happy,1,0.237435086234283,0.307665916150865,0.26886211453274717,0.18603688308210503
/workspace/datasets/cremad/AudioWAV/1005_TAI_NEU_XX.wav,cremad,neutral,neutral,2,0.20131057799949342,0.2511862368492589,0.33600538477567554,0.2114978003755723
