file_path,dataset,label,pred_label,pred_label_enc,proba_angry,proba_happy,proba_neutral,proba_sad
/workspace/datasets/cremad/AudioWAV/1001_DFA_ANG_XX.wav,cremad,angry,angry,0,0.9811396621687274,0.01748820497239483,0.001372132858884462,1.9558115761497043e-15
/workspace/datasets/cremad/AudioWAV/1001_DFA_HAP_XX.wav,cremad,happy,angry,0,0.9998000090332,0.00019643188846287402,3.5590783317341508e-06,1.193738360330399e-29
/workspace/datasets/cremad/AudioWAV/1001_DFA_NEU_XX.wav,cremad,neutral,angry,0,0.9915805927739229,0.008394944159671597,2.4463066418424776e-05,1.5872312907442981e-21
/workspace/datasets/cremad/AudioWAV/1001_DFA_SAD_XX.wav,cremad,sad,happy,1,0.13418597996281192,0.8248334233904325,0.040978286959184665,2.309687561066231e-06
/workspace/datasets/cremad/AudioWAV/1001_IEO_ANG_HI.wav,cremad,angry,angry,0,0.9997584118681933,0.00022959952765674158,1.1988604138867736e-05,1.4818037484311858e-20
/workspace/datasets/cremad/AudioWAV/1001_IEO_ANG_LO.wav,cremad,angry,angry,0,0.9608760295462043,0.03742383863962333,0.0017001318140882195,9.518325247855665e-14
/workspace/datasets/cremad/AudioWAV/1001_IEO_ANG_MD.wav,cremad,angry,angry,0,0.9926733932142662,0.004652349803904678,0.0026742569818275445,1.2689843613209525e-14
/workspace/datasets/cremad/AudioWAV/1001_IEO_HAP_HI.wav,cremad,happy,angry,0,0.9999706724412202,2.837634414092918e-05,9.512146640984695e-07,8.378868546694424e-24
/workspace/datasets/cremad/AudioWAV/1001_IEO_HAP_LO.wav,cremad,happy,angry,0,0.858408643245583,0.09806307349209603,0.04352828326231707,9.840674340903745e-16
/workspace/datasets/cremad/AudioWAV/1001_IEO_HAP_MD.wav,cremad,happy,angry,0,0.9996096704739104,0.00030400224999406055,8.63272761096209e-05,1.0070591265978546e-20
/workspace/datasets/cremad/AudioWAV/1001_IEO_NEU_XX.wav,cremad,neutral,angry,0,0.8744425205061203,0.1121392696470797,0.013418209753877164,9.291083671829076e-11
/workspace/datasets/cremad/AudioWAV/1001_IEO_SAD_HI.wav,cremad,sad,happy,1,0.11509829109824421,0.8534365064876301,0.03143900194868435,2.620046545254294e-05
/workspace/datasets/cremad/AudioWAV/1001_IEO_SAD_LO.wav,cremad,sad,happy,1,0.3011503550497598,0.6375063818778802,0.06134323481332137,2.8259044541296077e-08
/workspace/datasets/cremad/AudioWAV/1001_IEO_SAD_MD.wav,cremad,sad,happy,1,0.17883414555900543,0.6600677923908199,0.1602442084921303,0.0008538535580343254
/workspace/datasets/cremad/AudioWAV/1001_IOM_ANG_XX.wav,cremad,angry,angry,0,0.6638473072693175,0.200271910721628,0.135880782009066,2.010517332073616e-15
/workspace/datasets/cremad/AudioWAV/1001_IOM_HAP_XX.wav,cremad,happy,angry,0,0.881651227775889,0.1137561086265222,0.004592663597585521,4.002608010209801e-15
/workspace/datasets/cremad/AudioWAV/1001_IOM_NEU_XX.wav,cremad,neutral,angry,0,0.9974989386457368,0.002493754605500115,7.30674875278207e-06,4.750365358377446e-28
/workspace/datasets/cremad/AudioWAV/1001_IOM_SAD_XX.wav,cremad,sad,happy,1,0.01863478368337721,0.7358172127910756,0.24544829719477215,9.97063307657709e-05
/workspace/datasets/cremad/AudioWAV/1001_ITH_ANG_XX.wav,cremad,angry,angry,0,0.967140174066556,0.016225700602574857,0.01663412532280258,8.067107303853423e-12
/workspace/datasets/cremad/AudioWAV/1001_ITH_HAP_XX.wav,cremad,happy,angry,0,0.9523033051385833,0.046518457153716115,0.001178237707707185,1.5806672395965292e-16
/workspace/datasets/cremad/AudioWAV/1001_ITH_NEU_XX.wav,cremad,neutral,angry,0,0.6612411760797854,0.17086293571881345,0.16789054707362958,5.341127757577935e-06
/workspace/datasets/cremad/AudioWAV/1001_ITH_SAD_XX.wav,cremad,sad,happy,1,0.21691610509463588,0.7577479574859903,0.025335810902589732,1.2651679606771808e-07
/workspace/datasets/cremad/AudioWAV/1001_ITS_ANG_XX.wav,cremad,angry,angry,0,0.6538379182453783,0.16760110793928124,0.1785600680869427,9.057283899567782e-07
/workspace/datasets/cremad/AudioWAV/1001_ITS_HAP_XX.wav,cremad,happy,angry,0,0.9914037049995708,0.008122646104006407,0.0004736488964111143,8.513786718625812e-15
/workspace/datasets/cremad/AudioWAV/1001_ITS_NEU_XX.wav,cremad,neutral,happy,1,0.04532951925113438,0.7650346204695947,0.18893110216421852,0.0007047581150530054
/workspace/datasets/cremad/AudioWAV/1001_ITS_SAD_XX.wav,cremad,sad,happy,1,0.033132374279599114,0.5413029062822315,0.36288980698362117,0.06267491245454913
/workspace/datasets/cremad/AudioWAV/1001_IWL_ANG_XX.wav,cremad,angry,angry,0,0.7666233894408008,0.0916650127002392,0.14171159750348417,3.5548457475125517e-10
/workspace/datasets/cremad/AudioWAV/1001_IWL_HAP_XX.wav,cremad,happy,angry,0,0.9202679685503584,0.03892263446398381,0.040809396922072735,6.357158067006827e-11
/workspace/datasets/cremad/AudioWAV/1001_IWL_NEU_XX.wav,cremad,neutral,neutral,2,0.19696090009882972,0.37686544007985856,0.42617365363210324,6.189198371803297e-09
/workspace/datasets/cremad/AudioWAV/1001_IWL_SAD_XX.wav,cremad,sad,happy,1,0.012967091822889885,0.7044113446955393,0.28251658196380464,0.00010498151777269308
/workspace/datasets/cremad/AudioWAV/1001_IWW_ANG_XX.wav,cremad,angry,angry,0,0.8404395995535581,0.13117468551762862,0.02838571489017549,3.864703942683241e-11
/workspace/datasets/cremad/AudioWAV/1001_IWW_HAP_XX.wav,cremad,happy,angry,0,0.9998901310509071,0.00010864899402117977,1.2199550581696408e-06,4.9816614828384855e-28
/workspace/datasets/cremad/AudioWAV/1001_IWW_NEU_XX.wav,cremad,neutral,happy,1,0.0143952699011105,0.5054272782551673,0.4589703944612914,0.021207057382424285
/workspace/datasets/cremad/AudioWAV/1001_IWW_SAD_XX.wav,cremad,sad,happy,1,0.14197248973547205,0.6392663136027683,0.21483769731928035,0.003923499342482181
/workspace/datasets/cremad/AudioWAV/1001_MTI_ANG_XX.wav,cremad,angry,angry,0,0.9612162822504733,0.034587209430884634,0.00419650802611488,2.9253608738297255e-10
/workspace/datasets/cremad/AudioWAV/1001_MTI_HAP_XX.wav,cremad,happy,angry,0,0.9520807814264389,0.01576309395822549,0.03215609425485197,3.036047892100862e-08
/workspace/datasets/cremad/AudioWAV/1001_MTI_NEU_XX.wav,cremad,neutral,angry,0,0.9632241421228203,0.022017945822663667,0.014757912028498823,2.6025191386590742e-11
/workspace/datasets/cremad/AudioWAV/1001_MTI_SAD_XX.wav,cremad,sad,angry,0,0.809719171060801,0.09532273842340674,0.09495809049054107,2.525334072084253e-11
/workspace/datasets/cremad/AudioWAV/1001_TAI_ANG_XX.wav,cremad,angry,angry,0,0.9386714453471435,0.05891921259985481,0.0024093420527260202,2.72078880263218e-13
/workspace/datasets/cremad/AudioWAV/1001_TAI_HAP_XX.wav,cremad,happy,angry,0,0.9988015180282714,0.0011901198951382924,8.362076582769549e-06,6.559699745915958e-20
/workspace/datasets/cremad/AudioWAV/1001_TAI_NEU_XX.wav,cremad,neutral,angry,0,0.8338283738144723,0.1237675560995246,0.04240407007942211,6.5897913417708655e-12
/workspace/datasets/cremad/AudioWAV/1001_TAI_SAD_XX.wav,cremad,sad,happy,1,0.04179821022374429,0.739719361730387,0.2020605578907775,0.016421870155092222
/workspace/datasets/cremad/AudioWAV/1001_TIE_ANG_XX.wav,cremad,angry,neutral,2,0.30470204594295136,0.2599208812419683,0.4353626329168747,1.4439898216529052e-05
/workspace/datasets/cremad/AudioWAV/1001_TIE_HAP_XX.wav,cremad,happy,angry,0,0.7966183185317326,0.03807070378929788,0.16531097556685356,2.1121068893088307e-09
/workspace/datasets/cremad/AudioWAV/1001_TIE_NEU_XX.wav,cremad,neutral,angry,0,0.6819188415313557,0.21787488217935874,0.10020627628559396,3.677939226347207e-12
/workspace/datasets/cremad/AudioWAV/1001_TIE_SAD_XX.wav,cremad,sad,happy,1,0.11000508124527161,0.6081855913901448,0.28155831851613433,0.00025100884844421706
/workspace/datasets/cremad/AudioWAV/1001_TSI_ANG_XX.wav,cremad,angry,angry,0,0.9997637324587428,0.0002270902836472174,9.177257623040405e-06,3.501818542866827e-18
/workspace/datasets/cremad/AudioWAV/1001_TSI_HAP_XX.wav,cremad,happy,angry,0,0.9999961681408623,3.8253420950847215e-06,6.517015165732236e-09,8.107143885657047e-31
/workspace/datasets/cremad/AudioWAV/1001_TSI_NEU_XX.wav,cremad,neutral,angry,0,0.9977688885142272,0.002229951016025205,1.1604697368321077e-06,1.4394268649891822e-22
/workspace/datasets/cremad/AudioWAV/1001_TSI_SAD_XX.wav,cremad,sad,happy,1,0.1549802984300119,0.8225097646228463,0.022499934968705306,1.0001978449873108e-05
/workspace/datasets/cremad/AudioWAV/1001_WSI_ANG_XX.wav,cremad,angry,angry,0,0.9381593218789668,0.04991455524366666,0.01192610097047185,2.190688150461677e-08
/workspace/datasets/cremad/AudioWAV/1001_WSI_HAP_XX.wav,cremad,happy,angry,0,0.9999386850201403,5.9663410978481174e-05,1.6515688875150304e-06,4.7060716150081226e-21
/workspace/datasets/cremad/AudioWAV/1001_WSI_NEU_XX.wav,cremad,neutral,angry,0,0.6381880909928662,0.3230726885670201,0.038701582889027496,3.7637551074833036e-05
/workspace/datasets/cremad/AudioWAV/1001_WSI_SAD_XX.wav,cremad,sad,happy,1,0.3378663063604295,0.38123565781340846,0.28086038281562997,3.765301052413401e-05
/workspace/datasets/cremad/AudioWAV/1002_DFA_ANG_XX.wav,cremad,angry,angry,0,0.9999999935249093,6.475005266070279e-09,1.0957266963452847e-13,1.7776006922188216e-48
/workspace/datasets/cremad/AudioWAV/1002_DFA_HAP_XX.wav,cremad,happy,angry,0,0.9999927245798172,7.251825587814422e-06,2.3594613996761538e-08,1.9824787198964943e-24
/workspace/datasets/cremad/AudioWAV/1002_DFA_NEU_XX.wav,cremad,neutral,happy,1,0.07748568691560123,0.5445393137565203,0.36369285571172705,0.014282143616158302
/workspace/datasets/cremad/AudioWAV/1002_DFA_SAD_XX.wav,cremad,sad,happy,1,0.0968167376339031,0.6659290690578326,0.22647289527629763,0.010781298031963156
/workspace/datasets/cremad/AudioWAV/1002_IEO_ANG_HI.wav,cremad,angry,angry,0,0.9999130693790526,8.692639056043408e-05,4.230381887345101e-09,2.2133697777013918e-29
/workspace/datasets/cremad/AudioWAV/1002_IEO_ANG_LO.wav,cremad,angry,angry,0,0.99999929947332,7.002859454720699e-07,2.407579649371701e-10,2.6239212813397305e-31
/workspace/datasets/cremad/AudioWAV/1002_IEO_ANG_MD.wav,cremad,angry,angry,0,0.9999739027822336,2.6065595065724108e-05,3.162272021329381e-08,1.0360482119380996e-22
/workspace/datasets/cremad/AudioWAV/1002_IEO_HAP_HI.wav,cremad,happy,angry,0,0.9963054533449536,0.0035147333241478756,0.00017981333081498063,7.97146225288706e-14
/workspace/datasets/cremad/AudioWAV/1002_IEO_HAP_LO.wav,cremad,happy,happy,1,0.14180141874247504,0.48680068583207753,0.2766039626086765,0.09479393281677992
/workspace/datasets/cremad/AudioWAV/1002_IEO_HAP_MD.wav,cremad,happy,angry,0,0.9998516835795205,0.00014648733703964098,1.8290834472222578e-06,1.129598090601454e-22
/workspace/datasets/cremad/AudioWAV/1002_IEO_NEU_XX.wav,cremad,neutral,happy,1,0.10559401736780992,0.785921481177906,0.10475090277300356,0.003733598681283172
/workspace/datasets/cremad/AudioWAV/1002_IEO_SAD_HI.wav,cremad,sad,angry,0,0.45387546414331875,0.4428196240578142,0.10327841329496465,2.649850390453375e-05
/workspace/datasets/cremad/AudioWAV/1002_IEO_SAD_LO.wav,cremad,sad,angry,0,0.8955959604022787,0.09910484027921637,0.005299199147289873,1.7121724797824093e-10
/workspace/datasets/cremad/AudioWAV/1002_IEO_SAD_MD.wav,cremad,sad,angry,0,0.8734093651394474,0.11957851188917973,0.007012110235614699,1.2735758725384368e-08
/workspace/datasets/cremad/AudioWAV/1002_IOM_ANG_XX.wav,cremad,angry,angry,0,0.9998591034117289,0.00014082666817412048,6.992010308492198e-08,2.779511512625019e-17
/workspace/datasets/cremad/AudioWAV/1002_IOM_HAP_XX.wav,cremad,happy,angry,0,0.9893837928369176,0.010420194098828392,0.00019601306425107452,4.8256076940146304e-20
/workspace/datasets/cremad/AudioWAV/1002_IOM_NEU_XX.wav,cremad,neutral,happy,1,0.0699855564927177,0.7779829151301499,0.15155239497436926,0.00047913340276636103
/workspace/datasets/cremad/AudioWAV/1002_IOM_SAD_XX.wav,cremad,sad,happy,1,0.12163590061233334,0.7616473784112244,0.1167166773014059,4.367502224515464e-08
/workspace/datasets/cremad/AudioWAV/1002_ITH_ANG_XX.wav,cremad,angry,angry,0,0.9926181000279534,0.006970839004574354,0.00041106096280902455,4.664589234675802e-12
/workspace/datasets/cremad/AudioWAV/1002_ITH_HAP_XX.wav,cremad,happy,angry,0,0.9810217802341901,0.01865310563455633,0.00032511413124662744,2.3427482519758916e-17
/workspace/datasets/cremad/AudioWAV/1002_ITH_NEU_XX.wav,cremad,neutral,happy,1,0.18688169494915097,0.6413893300214307,0.1715545541741516,0.0001744208552737365
/workspace/datasets/cremad/AudioWAV/1002_ITH_SAD_XX.wav,cremad,sad,happy,1,0.40665932706084024,0.5485763734169263,0.044740106464810345,2.4193057429275664e-05
/workspace/datasets/cremad/AudioWAV/1002_ITS_ANG_XX.wav,cremad,angry,angry,0,0.9892553670553427,0.010648083645724836,9.654929892508374e-05,1.9546962463397867e-14
/workspace/datasets/cremad/AudioWAV/1002_ITS_HAP_XX.wav,cremad,happy,angry,0,0.9993718222584157,0.0005856566410450429,4.252110051375608e-05,1.3549719642512337e-14
/workspace/datasets/cremad/AudioWAV/1002_ITS_NEU_XX.wav,cremad,neutral,happy,1,0.020753637851655276,0.5996966381615954,0.12593526208776118,0.2536144618989826
/workspace/datasets/cremad/AudioWAV/1002_ITS_SAD_XX.wav,cremad,sad,happy,1,0.4839587679960623,0.4866006769175856,0.029440317932244275,2.37154099526938e-07
/workspace/datasets/cremad/AudioWAV/1002_IWL_ANG_XX.wav,cremad,angry,angry,0,0.9892889828396921,0.010051496687348118,0.0006595204729657401,6.262006438248062e-16
/workspace/datasets/cremad/AudioWAV/1002_IWL_HAP_XX.wav,cremad,happy,happy,1,0.13166405713895,0.45377539690645446,0.4143884230338984,0.00017212292070059698
/workspace/datasets/cremad/AudioWAV/1002_IWL_NEU_XX.wav,cremad,neutral,neutral,2,0.3236824459007745,0.22561979405458885,0.4506108385494016,8.692149522173893e-05
/workspace/datasets/cremad/AudioWAV/1002_IWL_SAD_XX.wav,cremad,sad,happy,1,0.08738497403844034,0.6124960031346091,0.30010223549853443,1.6787328411304685e-05
/workspace/datasets/cremad/AudioWAV/1002_IWW_ANG_XX.wav,cremad,angry,angry,0,0.9965912542218027,0.002474293156046229,0.0009344526221340743,1.9018770732366592e-14
/workspace/datasets/cremad/AudioWAV/1002_IWW_HAP_XX.wav,cremad,happy,angry,0,0.9952667315360476,0.004276390502509214,0.00045687796136226406,9.372991128509136e-14
/workspace/datasets/cremad/AudioWAV/1002_IWW_NEU_XX.wav,cremad,neutral,happy,1,0.16723572776708434,0.5432741193994591,0.2059998396103056,0.08349031322314313
/workspace/datasets/cremad/AudioWAV/1002_IWW_SAD_XX.wav,cremad,sad,happy,1,0.10963306782312018,0.5603554283182518,0.3299566129566045,5.489090201654537e-05
/workspace/datasets/cremad/AudioWAV/1002_MTI_ANG_XX.wav,cremad,angry,angry,0,0.7719898998094075,0.21215153950670856,0.01585181711246691,6.743571415494454e-06
/workspace/datasets/cremad/AudioWAV/1002_MTI_HAP_XX.wav,cremad,happy,angry,0,0.9575892011638316,0.040232103481209106,0.002178695350070837,4.882210349779951e-12
/workspace/datasets/cremad/AudioWAV/1002_MTI_NEU_XX.wav,cremad,neutral,happy,1,0.16844550624117768,0.8110918411502014,0.020455588481482337,7.064127140881049e-06
/workspace/datasets/cremad/AudioWAV/1002_MTI_SAD_XX.wav,cremad,sad,happy,1,0.05654651370372833,0.8316284390731402,0.10526808987879235,0.006556957344335972
/workspace/datasets/cremad/AudioWAV/1002_TAI_ANG_XX.wav,cremad,angry,angry,0,0.9999937026187711,6.286768957224592e-06,1.0612259113730236e-08,1.040408570683707e-27
/workspace/datasets/cremad/AudioWAV/1002_TAI_HAP_XX.wav,cremad,happy,angry,0,0.905572064044585,0.09074804298315939,0.0036798929722185463,5.0876114126960876e-14
/workspace/datasets/cremad/AudioWAV/1002_TAI_NEU_XX.wav,cremad,neutral,happy,1,0.07011473252817502,0.570957379061928,0.11908774379026742,0.23984014461962855
/workspace/datasets/cremad/AudioWAV/1002_TAI_SAD_XX.wav,cremad,sad,neutral,2,0.00697507784217482,0.3330826745163755,0.36152349296420333,0.29841875467723267
/workspace/datasets/cremad/AudioWAV/1002_TIE_ANG_XX.wav,cremad,angry,angry,0,0.9961358698051825,0.003841714765638482,2.241542919272827e-05,2.5660071260131325e-17
/workspace/datasets/cremad/AudioWAV/1002_TIE_HAP_XX.wav,cremad,happy,angry,0,0.9898640659291436,0.01000926268299242,0.000126671387810803,6.670885765531397e-14
/workspace/datasets/cremad/AudioWAV/1002_TIE_SAD_XX.wav,cremad,sad,angry,0,0.45101162246700177,0.1847196577625368,0.3641261395818115,0.000142580188642313
/workspace/datasets/cremad/AudioWAV/1002_TSI_ANG_XX.wav,cremad,angry,angry,0,0.9999999005925182,9.919890850333663e-08,2.0859392647903304e-10,9.11088846431184e-29
/workspace/datasets/cremad/AudioWAV/1002_TSI_HAP_XX.wav,cremad,happy,angry,0,0.9999997461679622,2.5176521223909917e-07,2.066811417896274e-09,3.0834825047625707e-30
/workspace/datasets/cremad/AudioWAV/1002_TSI_NEU_XX.wav,cremad,neutral,happy,1,0.3600588512912972,0.5611360388751188,0.07819313243751429,0.0006119773960768005
/workspace/datasets/cremad/AudioWAV/1002_TSI_SAD_XX.wav,cremad,sad,happy,1,0.40195415709648374,0.5429768479577682,0.05440410232510401,0.0006648926206376491
/workspace/datasets/cremad/AudioWAV/1002_WSI_ANG_XX.wav,cremad,angry,angry,0,0.9998930311722051,0.0001051787531008772,1.7900747052224402e-06,9.601960956896088e-16
/workspace/datasets/cremad/AudioWAV/1002_WSI_HAP_XX.wav,cremad,happy,angry,0,0.9772945106847727,0.020579165431192953,0.0021263238834434155,6.009839638903676e-13
/workspace/datasets/cremad/AudioWAV/1002_WSI_NEU_XX.wav,cremad,neutral,angry,0,0.5911020075333422,0.3168788597278971,0.09200625983033693,1.2872908430542285e-05
/workspace/datasets/cremad/AudioWAV/1002_WSI_SAD_XX.wav,cremad,sad,happy,1,0.37721271104598997,0.6122985877812122,0.010484885491533343,3.8156812682922805e-06
/workspace/datasets/cremad/AudioWAV/1003_DFA_ANG_XX.wav,cremad,angry,angry,0,0.9999942554863576,5.742250880036244e-06,2.262749648525099e-09,4.1358855668545315e-30
/workspace/datasets/cremad/AudioWAV/1003_DFA_HAP_XX.wav,cremad,happy,angry,0,0.9863006863762224,0.009099208103564568,0.0046001055201817295,2.853433371084047e-14
/workspace/datasets/cremad/AudioWAV/1003_DFA_NEU_XX.wav,cremad,neutral,happy,1,0.07146844716665697,0.7634962583719066,0.16102925433304724,0.004006040128383063
/workspace/datasets/cremad/AudioWAV/1003_DFA_SAD_XX.wav,cremad,sad,happy,1,0.03516148568300549,0.8410320990013421,0.12044781336447757,0.0033586019511618486
/workspace/datasets/cremad/AudioWAV/1003_IEO_ANG_HI.wav,cremad,angry,angry,0,0.9999937725656378,6.227407700921623e-06,2.6646776249890626e-11,1.677965177059967e-40
/workspace/datasets/cremad/AudioWAV/1003_IEO_ANG_LO.wav,cremad,angry,angry,0,0.9999995157207913,4.839188981467644e-07,3.6029368907195123e-10,2.9224051253382225e-29
/workspace/datasets/cremad/AudioWAV/1003_IEO_ANG_MD.wav,cremad,angry,angry,0,0.9993192056307417,0.0006801237364813247,6.706327535108503e-07,2.933323901425643e-26
/workspace/datasets/cremad/AudioWAV/1003_IEO_HAP_HI.wav,cremad,happy,angry,0,0.9346221711949931,0.04758245036814007,0.017795378436854963,2.5324444691492824e-14
/workspace/datasets/cremad/AudioWAV/1003_IEO_HAP_LO.wav,cremad,happy,angry,0,0.6275944958356369,0.37167279757034083,0.0007327061176788545,4.763335796108027e-10
/workspace/datasets/cremad/AudioWAV/1003_IEO_HAP_MD.wav,cremad,happy,angry,0,0.9774776976509445,0.022345665706833568,0.0001766366421993656,9.17527626729733e-15
/workspace/datasets/cremad/AudioWAV/1003_IEO_NEU_XX.wav,cremad,neutral,happy,1,0.07723538398720532,0.799127659082788,0.12333008193099043,0.00030687499900482933
/workspace/datasets/cremad/AudioWAV/1003_IEO_SAD_HI.wav,cremad,sad,happy,1,0.11554639712432381,0.7468776429284801,0.135737833026085,0.001838126921123085
/workspace/datasets/cremad/AudioWAV/1003_IEO_SAD_LO.wav,cremad,sad,happy,1,0.22974055687871267,0.6301655877411255,0.13563926403518478,0.004454591344976927
/workspace/datasets/cremad/AudioWAV/1003_IEO_SAD_MD.wav,cremad,sad,happy,1,0.08797021014565275,0.5548292197768941,0.3551417638001919,0.002058806277260207
/workspace/datasets/cremad/AudioWAV/1003_IOM_ANG_XX.wav,cremad,angry,angry,0,0.9910471324129924,0.0089069788159738,4.588877102995612e-05,2.854768189688366e-16
/workspace/datasets/cremad/AudioWAV/1003_IOM_HAP_XX.wav,cremad,happy,happy,1,0.21093028393025867,0.4560089273518262,0.3330506307300935,1.0157987815726509e-05
/workspace/datasets/cremad/AudioWAV/1003_IOM_NEU_XX.wav,cremad,neutral,neutral,2,0.06761038938442707,0.307571192833435,0.6240375431100008,0.000780874672137478
/workspace/datasets/cremad/AudioWAV/1003_IOM_SAD_XX.wav,cremad,sad,sad,3,0.0024145280704691015,0.14618738808479587,0.3224397606372404,0.5289583232074899
/workspace/datasets/cremad/AudioWAV/1003_ITH_ANG_XX.wav,cremad,angry,angry,0,0.9965570876022527,0.0034414090940470916,1.503303706916773e-06,2.9086446555917848e-21
/workspace/datasets/cremad/AudioWAV/1003_ITH_HAP_XX.wav,cremad,happy,happy,1,0.17895607767488636,0.7310682556355731,0.08997167718697564,3.989502572568391e-06
/workspace/datasets/cremad/AudioWAV/1003_ITH_NEU_XX.wav,cremad,neutral,happy,1,0.23182685816691145,0.6670854607222358,0.10108761372072483,6.739011557404041e-08
/workspace/datasets/cremad/AudioWAV/1003_ITH_SAD_XX.wav,cremad,sad,happy,1,0.29193698561597836,0.6072457339551111,0.1008143445026072,2.9359263168375575e-06
/workspace/datasets/cremad/AudioWAV/1003_ITS_ANG_XX.wav,cremad,angry,angry,0,0.9993617463089631,0.0006277368080442056,1.051688253600777e-05,4.701405679408508e-13
/workspace/datasets/cremad/AudioWAV/1003_ITS_HAP_XX.wav,cremad,happy,angry,0,0.8452218678954907,0.13433116971342676,0.020446956441898406,5.949179687240934e-09
/workspace/datasets/cremad/AudioWAV/1003_ITS_NEU_XX.wav,cremad,neutral,happy,1,0.08850384404727497,0.7316484286748066,0.1798475139843749,2.132935313789705e-07
/workspace/datasets/cremad/AudioWAV/1003_ITS_SAD_XX.wav,cremad,sad,happy,1,0.02762032622050697,0.8187499916840183,0.09337158187245238,0.0602581002230162
/workspace/datasets/cremad/AudioWAV/1003_IWL_ANG_XX.wav,cremad,angry,angry,0,0.8450852439299319,0.15431879296670284,0.0005959629949905003,1.0837540638050865e-10
/workspace/datasets/cremad/AudioWAV/1003_IWL_HAP_XX.wav,cremad,happy,happy,1,0.014059973297894575,0.6599217056926883,0.3258623044649073,0.0001560165444984669
/workspace/datasets/cremad/AudioWAV/1003_IWL_NEU_XX.wav,cremad,neutral,neutral,2,0.12047946833186632,0.32156089064905674,0.5414804608565073,0.016479180162566172
/workspace/datasets/cremad/AudioWAV/1003_IWL_SAD_XX.wav,cremad,sad,happy,1,0.20573246378119314,0.6265941372018867,0.16760991373580633,6.348528110359054e-05
/workspace/datasets/cremad/AudioWAV/1003_IWW_ANG_XX.wav,cremad,angry,happy,1,0.2992493197387497,0.6859171661489157,0.01483351361552356,4.968152286397895e-10
/workspace/datasets/cremad/AudioWAV/1003_IWW_HAP_XX.wav,cremad,happy,angry,0,0.6918518873550552,0.20302820574171096,0.10511856579447305,1.3411087683387081e-06
/workspace/datasets/cremad/AudioWAV/1003_IWW_NEU_XX.wav,cremad,neutral,happy,1,0.09130495175743919,0.4625463318041016,0.4396668558975607,0.006481860540892965
/workspace/datasets/cremad/AudioWAV/1003_IWW_SAD_XX.wav,cremad,sad,neutral,2,0.05025561006535751,0.2725087739897483,0.6771954922968519,4.012364804724723e-05
/workspace/datasets/cremad/AudioWAV/1003_MTI_ANG_XX.wav,cremad,angry,angry,0,0.9999888743255834,1.1117195248436441e-05,8.479155827656892e-09,1.085921130742577e-21
/workspace/datasets/cremad/AudioWAV/1003_MTI_HAP_XX.wav,cremad,happy,happy,1,0.2179256259859837,0.5304410840227483,0.25163234223197145,9.477592856919135e-07
/workspace/datasets/cremad/AudioWAV/1003_MTI_NEU_XX.wav,cremad,neutral,happy,1,0.0654864190038714,0.8617193965641285,0.0726456266313545,0.00014855780064967596
/workspace/datasets/cremad/AudioWAV/1003_MTI_SAD_XX.wav,cremad,sad,happy,1,0.08966074465074447,0.8795866214271227,0.030751391348789656,1.2425733417112779e-06
/workspace/datasets/cremad/AudioWAV/1003_TAI_ANG_XX.wav,cremad,angry,angry,0,0.9993092574058792,0.0006905313466061198,2.1124753907328964e-07,6.591190995264389e-21
/workspace/datasets/cremad/AudioWAV/1003_TAI_HAP_XX.wav,cremad,happy,angry,0,0.7717791947988712,0.14527991990709643,0.08294088422652342,1.067522022703688e-09
/workspace/datasets/cremad/AudioWAV/1003_TAI_NEU_XX.wav,cremad,neutral,happy,1,0.3322727045203672,0.3942634650899891,0.27337290801563513,9.092237400114762e-05
/workspace/datasets/cremad/AudioWAV/1003_TAI_SAD_XX.wav,cremad,sad,neutral,2,0.21822779785091548,0.13875312897816425,0.6428540250148707,0.00016504815605601422
/workspace/datasets/cremad/AudioWAV/1003_TIE_ANG_XX.wav,cremad,angry,angry,0,0.9997943915923146,0.00019418139629737475,1.1427011374365968e-05,1.8605835187533336e-17
/workspace/datasets/cremad/AudioWAV/1003_TIE_HAP_XX.wav,cremad,happy,neutral,2,0.04527191750727475,0.3333124509705506,0.5923752897788851,0.0290403417432812
/workspace/datasets/cremad/AudioWAV/1003_TIE_NEU_XX.wav,cremad,neutral,happy,1,0.29476247657654325,0.5369851800558076,0.1682504650872558,1.8782803973002524e-06
/workspace/datasets/cremad/AudioWAV/1003_TIE_SAD_XX.wav,cremad,sad,happy,1,0.4771023105702422,0.4829963624017421,0.03990062407856701,7.029494570670683e-07
/workspace/datasets/cremad/AudioWAV/1003_TSI_ANG_XX.wav,cremad,angry,angry,0,0.9973169725944959,0.002636673684983412,4.635372049446731e-05,1.1610124724285821e-14
/workspace/datasets/cremad/AudioWAV/1003_TSI_HAP_XX.wav,cremad,happy,angry,0,0.9962964366752143,0.003048644874845604,0.0006549184499594539,8.773186822379397e-18
/workspace/datasets/cremad/AudioWAV/1003_TSI_NEU_XX.wav,cremad,neutral,angry,0,0.7991048111473325,0.16103032855097243,0.039864859900490435,4.012328921988704e-10
/workspace/datasets/cremad/AudioWAV/1003_TSI_SAD_XX.wav,cremad,sad,angry,0,0.7915454983281242,0.16073987763955994,0.04771462401905569,1.328763794075007e-11
/workspace/datasets/cremad/AudioWAV/1003_WSI_ANG_XX.wav,cremad,angry,angry,0,0.9985556538074052,0.0014283459559658173,1.600023661588768e-05,1.1548729015468095e-15
/workspace/datasets/cremad/AudioWAV/1003_WSI_HAP_XX.wav,cremad,happy,angry,0,0.7212524073290554,0.2684847179140875,0.010262873473340473,1.2835216950279797e-09
/workspace/datasets/cremad/AudioWAV/1003_WSI_NEU_XX.wav,cremad,neutral,happy,1,0.17345337768874713,0.5865038367498596,0.23134501645762615,0.008697769103767222
/workspace/datasets/cremad/AudioWAV/1003_WSI_SAD_XX.wav,cremad,sad,happy,1,0.20154730406870003,0.4746129255582508,0.32378839934680004,5.137102626228695e-05
/workspace/datasets/cremad/AudioWAV/1004_DFA_ANG_XX.wav,cremad,angry,angry,0,0.9999992768065681,6.72895382182668e-07,5.029802909825513e-08,2.2126665923773327e-25
/workspace/datasets/cremad/AudioWAV/1004_DFA_HAP_XX.wav,cremad,happy,angry,0,0.9168027281525194,0.08184156483467901,0.0013557070128009442,3.500873216975716e-16
/workspace/datasets/cremad/AudioWAV/1004_DFA_NEU_XX.wav,cremad,neutral,angry,0,0.8951431708999511,0.09784226171006187,0.007014567330524147,5.947496669243027e-11
/workspace/datasets/cremad/AudioWAV/1004_DFA_SAD_XX.wav,cremad,sad,happy,1,0.22621853566223624,0.76955787847326,0.00422357381965494,1.2044824921252186e-08
/workspace/datasets/cremad/AudioWAV/1004_IEO_ANG_HI.wav,cremad,angry,angry,0,0.9999834255981118,1.657030431902199e-05,4.097559317039399e-09,1.6866983341912369e-26
/workspace/datasets/cremad/AudioWAV/1004_IEO_ANG_LO.wav,cremad,angry,angry,0,0.9997824409222545,0.00021723133390511785,3.2774385984510634e-07,3.709407434333692e-24
/workspace/datasets/cremad/AudioWAV/1004_IEO_ANG_MD.wav,cremad,angry,angry,0,0.9999893542884524,1.0584292897324195e-05,6.141863448795473e-08,2.127332135342902e-24
/workspace/datasets/cremad/AudioWAV/1004_IEO_HAP_HI.wav,cremad,happy,angry,0,0.9977753194432718,0.0022240272469110736,6.533098209289221e-07,1.0293052940165166e-23
/workspace/datasets/cremad/AudioWAV/1004_IEO_HAP_LO.wav,cremad,happy,happy,1,0.29611231891641343,0.6971554605087749,0.006732127392033317,9.318277923271505e-08
/workspace/datasets/cremad/AudioWAV/1004_IEO_HAP_MD.wav,cremad,happy,angry,0,0.9738304480547806,0.016511297206922758,0.009658253813855261,9.244303101231711e-10
/workspace/datasets/cremad/AudioWAV/1004_IEO_NEU_XX.wav,cremad,neutral,happy,1,0.20463010231981468,0.5402973654484635,0.2549634972766919,0.00010903495502466325
/workspace/datasets/cremad/AudioWAV/1004_IEO_SAD_HI.wav,cremad,sad,happy,1,0.0918901484797461,0.8571597833650845,0.050945451783190876,4.616371985306959e-06
/workspace/datasets/cremad/AudioWAV/1004_IEO_SAD_LO.wav,cremad,sad,angry,0,0.7280586571156806,0.2535244408038808,0.018416835937685325,6.61427600008641e-08
/workspace/datasets/cremad/AudioWAV/1004_IEO_SAD_MD.wav,cremad,sad,angry,0,0.6747539106749177,0.3201137178306333,0.005132127874929528,2.4361951235591857e-07
/workspace/datasets/cremad/AudioWAV/1004_IOM_ANG_XX.wav,cremad,angry,angry,0,0.9989078092907855,0.0007086823707711547,0.00038350833844972475,3.2485340236016298e-18
/workspace/datasets/cremad/AudioWAV/1004_IOM_HAP_XX.wav,cremad,happy,angry,0,0.9976418437281035,0.0023328599274652856,2.529634440480771e-05,1.8076422445318544e-20
/workspace/datasets/cremad/AudioWAV/1004_IOM_NEU_XX.wav,cremad,neutral,happy,1,0.0696310372875393,0.8460045928998683,0.08433033454433017,3.4035268272704834e-05
/workspace/datasets/cremad/AudioWAV/1004_IOM_SAD_XX.wav,cremad,sad,neutral,2,0.095895094888158,0.39942277159745043,0.5044897826520892,0.00019235086229610985
/workspace/datasets/cremad/AudioWAV/1004_ITH_ANG_XX.wav,cremad,angry,angry,0,0.9999998416386245,1.575621229133078e-07,7.992563525425297e-10,2.378244385374443e-34
/workspace/datasets/cremad/AudioWAV/1004_ITH_HAP_XX.wav,cremad,happy,angry,0,0.8045838626423719,0.18911997159445001,0.006296162162491401,3.6007002337319086e-09
/workspace/datasets/cremad/AudioWAV/1004_ITH_NEU_XX.wav,cremad,neutral,happy,1,0.21133685209930264,0.6524613232635825,0.13582564952241738,0.0003761751146976714
/workspace/datasets/cremad/AudioWAV/1004_ITH_SAD_XX.wav,cremad,sad,happy,1,0.02695290714164423,0.6865334131874907,0.2863769355662718,0.0001367441046059569
/workspace/datasets/cremad/AudioWAV/1004_ITS_ANG_XX.wav,cremad,angry,angry,0,0.9995916467409763,0.00039287233336053997,1.548092566294031e-05,1.510450740648022e-17
/workspace/datasets/cremad/AudioWAV/1004_ITS_HAP_XX.wav,cremad,happy,angry,0,0.5001180603509776,0.454375205145037,0.045505089990099654,1.6445138780545257e-06
/workspace/datasets/cremad/AudioWAV/1004_ITS_NEU_XX.wav,cremad,neutral,angry,0,0.9868672073069731,0.012484186857024335,0.0006486058355472585,4.5202870433229333e-13
/workspace/datasets/cremad/AudioWAV/1004_ITS_SAD_XX.wav,cremad,sad,happy,1,0.3956812470459889,0.5850250507843335,0.01929334956975596,3.5259992565736243e-07
/workspace/datasets/cremad/AudioWAV/1004_IWL_ANG_XX.wav,cremad,angry,angry,0,0.9981472987144955,0.0018171653216948894,3.553596379672607e-05,1.838677845420803e-14
/workspace/datasets/cremad/AudioWAV/1004_IWL_HAP_XX.wav,cremad,happy,angry,0,0.5209175788516842,0.388273138828072,0.090808910238876,3.720813793546521e-07
/workspace/datasets/cremad/AudioWAV/1004_IWL_NEU_XX.wav,cremad,neutral,angry,0,0.7543569028169711,0.16770889543893444,0.07793420174376896,3.2581104086813617e-13
/workspace/datasets/cremad/AudioWAV/1004_IWL_SAD_XX.wav,cremad,sad,angry,0,0.9167899117505665,0.04164296388548675,0.04156710816395588,1.6199993525316947e-08
/workspace/datasets/cremad/AudioWAV/1004_IWW_ANG_XX.wav,cremad,angry,angry,0,0.9972552971113298,0.0008538496356215013,0.001890853251627884,1.4136459262326488e-12
/workspace/datasets/cremad/AudioWAV/1004_IWW_HAP_XX.wav,cremad,happy,happy,1,0.02934909776107412,0.8474411759735422,0.12047919250164013,0.0027305337637303553
/workspace/datasets/cremad/AudioWAV/1004_IWW_NEU_XX.wav,cremad,neutral,happy,1,0.047528147653609826,0.643650739207207,0.3087262454806471,9.486765854206302e-05
/workspace/datasets/cremad/AudioWAV/1004_IWW_SAD_XX.wav,cremad,sad,happy,1,0.4053803118052627,0.5182101105855061,0.0756358667030368,0.0007737109061808202
/workspace/datasets/cremad/AudioWAV/1004_MTI_ANG_XX.wav,cremad,angry,angry,0,0.999249142797801,0.0007400691951654152,1.0788007019380512e-05,4.32766171789741e-22
/workspace/datasets/cremad/AudioWAV/1004_MTI_HAP_XX.wav,cremad,happy,happy,1,0.11055554030068704,0.7136549374072435,0.17578858958734464,9.327047292129144e-07
/workspace/datasets/cremad/AudioWAV/1004_MTI_NEU_XX.wav,cremad,neutral,happy,1,0.1527391664843557,0.6517739788591388,0.19512500374913688,0.00036185090736684316
/workspace/datasets/cremad/AudioWAV/1004_MTI_SAD_XX.wav,cremad,sad,happy,1,0.05333440956325154,0.6730322239938058,0.26767310464740574,0.00596026179552422
/workspace/datasets/cremad/AudioWAV/1004_TAI_ANG_XX.wav,cremad,angry,angry,0,0.9999715660560288,2.8295782375805183e-05,1.3816162261412125e-07,3.770596695153346e-23
/workspace/datasets/cremad/AudioWAV/1004_TAI_HAP_XX.wav,cremad,happy,angry,0,0.6239486098317476,0.1833424686318455,0.1914967127292358,0.0012122088071652426
/workspace/datasets/cremad/AudioWAV/1004_TAI_NEU_XX.wav,cremad,neutral,happy,1,0.3230214255857898,0.6431881054816523,0.03379038456091293,8.437164625820342e-08
/workspace/datasets/cremad/AudioWAV/1004_TAI_SAD_XX.wav,cremad,sad,neutral,2,0.057015700739818556,0.3890379509317169,0.550152725606639,0.0037936227218127454
/workspace/datasets/cremad/AudioWAV/1004_TIE_ANG_XX.wav,cremad,angry,angry,0,0.9999890860943162,1.0739184739707705e-05,1.74720937457449e-07,7.617648047457946e-18
/workspace/datasets/cremad/AudioWAV/1004_TIE_HAP_XX.wav,cremad,happy,angry,0,0.6144606567737688,0.37634711198807175,0.009192231227965192,1.0201039415269694e-11
/workspace/datasets/cremad/AudioWAV/1004_TIE_NEU_XX.wav,cremad,neutral,happy,1,0.349431845491454,0.5211476332987335,0.12940674710792,1.3774101891656703e-05
/workspace/datasets/cremad/AudioWAV/1004_TIE_SAD_XX.wav,cremad,sad,angry,0,0.4918787450593432,0.49055823584134456,0.017562977059133948,4.20401777302621e-08
/workspace/datasets/cremad/AudioWAV/1004_TSI_ANG_XX.wav,cremad,angry,angry,0,0.9999989296520696,8.835952879253023e-07,1.8675264401766208e-07,2.1816940085146124e-19
/workspace/datasets/cremad/AudioWAV/1004_TSI_HAP_XX.wav,cremad,happy,angry,0,0.8881332707085171,0.10641446837610995,0.005452244706430992,1.6208939604749082e-08
/workspace/datasets/cremad/AudioWAV/1004_TSI_NEU_XX.wav,cremad,neutral,angry,0,0.9990807369531419,0.0007707774229782519,0.00014848562388940524,1.7713161096945558e-16
/workspace/datasets/cremad/AudioWAV/1004_TSI_SAD_XX.wav,cremad,sad,angry,0,0.6507555810534866,0.33395406894691004,0.015287881563616284,2.4684359866091656e-06
/workspace/datasets/cremad/AudioWAV/1004_WSI_ANG_XX.wav,cremad,angry,angry,0,0.993886905948152,0.005812938866374253,0.0003001376078574444,1.7577616666466014e-08
/workspace/datasets/cremad/AudioWAV/1004_WSI_HAP_XX.wav,cremad,happy,angry,0,0.994543783632641,0.004780012370824467,0.0006762039964869225,3.381992025048352e-14
/workspace/datasets/cremad/AudioWAV/1004_WSI_NEU_XX.wav,cremad,neutral,angry,0,0.738574919507346,0.19111561455318085,0.07030827577729279,1.1901621825104725e-06
/workspace/datasets/cremad/AudioWAV/1004_WSI_SAD_XX.wav,cremad,sad,happy,1,0.4647876020831887,0.4845325447445704,0.050181316133577875,0.0004985370386580245
/workspace/datasets/cremad/AudioWAV/1005_DFA_ANG_XX.wav,cremad,angry,angry,0,0.9996458898198406,0.00035008407909273493,4.026101063478169e-06,7.262136627295485e-21
/workspace/datasets/cremad/AudioWAV/1005_DFA_HAP_XX.wav,cremad,happy,angry,0,0.9882346995028387,0.010658051341639356,0.0011072491555098683,5.185972939824692e-20
/workspace/datasets/cremad/AudioWAV/1005_DFA_NEU_XX.wav,cremad,neutral,angry,0,0.49159767214641653,0.19577542719662466,0.31262689758505624,3.0719128348948247e-09
/workspace/datasets/cremad/AudioWAV/1005_DFA_SAD_XX.wav,cremad,sad,happy,1,0.10046776171280786,0.7544474966243445,0.14508416650058145,5.751622661009047e-07
/workspace/datasets/cremad/AudioWAV/1005_IEO_ANG_HI.wav,cremad,angry,angry,0,0.9997550529384135,0.0002441716963704189,7.75365243862656e-07,4.309224017226971e-22
/workspace/datasets/cremad/AudioWAV/1005_IEO_ANG_LO.wav,cremad,angry,neutral,2,0.10361274958790086,0.22671836321051325,0.6696619877155471,6.899486032466069e-06
/workspace/datasets/cremad/AudioWAV/1005_IEO_ANG_MD.wav,cremad,angry,angry,0,0.9853882338169806,0.004525834139588971,0.010085932043387532,3.4460162275035914e-14
/workspace/datasets/cremad/AudioWAV/1005_IEO_HAP_HI.wav,cremad,happy,angry,0,0.9989850319892499,0.0009931632297544785,2.1804781007616706e-05,4.930069523542194e-18
/workspace/datasets/cremad/AudioWAV/1005_IEO_HAP_LO.wav,cremad,happy,angry,0,0.8414153856601495,0.09463217941935538,0.06395075728255786,1.6776379452065313e-06
/workspace/datasets/cremad/AudioWAV/1005_IEO_HAP_MD.wav,cremad,happy,happy,1,0.08659021395829812,0.6452608226985812,0.26379998259333315,0.004348980749778603
/workspace/datasets/cremad/AudioWAV/1005_IEO_NEU_XX.wav,cremad,neutral,happy,1,0.12534216249861896,0.798676419539981,0.07582086855775179,0.00016054940363882246
/workspace/datasets/cremad/AudioWAV/1005_IEO_SAD_HI.wav,cremad,sad,happy,1,0.04384181435779147,0.8721227904540805,0.08140648974900742,0.0026289054391301285
/workspace/datasets/cremad/AudioWAV/1005_IEO_SAD_LO.wav,cremad,sad,angry,0,0.4622133901758473,0.36559574905214276,0.17218840469929184,2.456072711279998e-06
/workspace/datasets/cremad/AudioWAV/1005_IEO_SAD_MD.wav,cremad,sad,angry,0,0.4940358181227403,0.4373249663992338,0.06863920260550925,1.2872515167621194e-08
/workspace/datasets/cremad/AudioWAV/1005_IOM_ANG_XX.wav,cremad,angry,angry,0,0.9903685784756808,0.009569834473548113,6.158705076066326e-05,9.707469224391934e-16
/workspace/datasets/cremad/AudioWAV/1005_IOM_HAP_XX.wav,cremad,happy,angry,0,0.769372829404762,0.22483513517263937,0.005792035421705172,8.997454626880894e-13
/workspace/datasets/cremad/AudioWAV/1005_IOM_NEU_XX.wav,cremad,neutral,neutral,2,0.0036066201735459715,0.425208415223285,0.5391005574943032,0.032084407108854136
/workspace/datasets/cremad/AudioWAV/1005_IOM_SAD_XX.wav,cremad,sad,happy,1,0.02510741525165363,0.7969153936152584,0.17416649982356047,0.0038106913095232765
/workspace/datasets/cremad/AudioWAV/1005_ITH_ANG_XX.wav,cremad,angry,angry,0,0.9998951397226259,6.842295287822176e-05,3.643732452330471e-05,3.890601934389633e-18
/workspace/datasets/cremad/AudioWAV/1005_ITH_HAP_XX.wav,cremad,happy,angry,0,0.42356036380498485,0.3091001925537534,0.2673392171549058,2.2648636334176162e-07
/workspace/datasets/cremad/AudioWAV/1005_ITH_NEU_XX.wav,cremad,neutral,happy,1,0.12511949279804246,0.644845826567378,0.23003449543422705,1.8520036512791404e-07
/workspace/datasets/cremad/AudioWAV/1005_ITH_SAD_XX.wav,cremad,sad,happy,1,0.13985697823036816,0.5458036205312284,0.31174731310180676,0.0025920881365915863
/workspace/datasets/cremad/AudioWAV/1005_ITS_ANG_XX.wav,cremad,angry,angry,0,0.9983356938964694,0.0016561999001737978,8.106203356468251e-06,6.442201309468248e-16
/workspace/datasets/cremad/AudioWAV/1005_ITS_HAP_XX.wav,cremad,happy,angry,0,0.9842075260589752,0.015364672232585084,0.0004278017022922313,6.148584044298246e-12
/workspace/datasets/cremad/AudioWAV/1005_ITS_NEU_XX.wav,cremad,neutral,happy,1,0.09894200929176719,0.46673732640047433,0.43310582466793346,0.0012148396398270183
/workspace/datasets/cremad/AudioWAV/1005_ITS_SAD_XX.wav,cremad,sad,angry,0,0.5814075221291456,0.36233987757386416,0.05625235086491354,2.4943207166878606e-07
/workspace/datasets/cremad/AudioWAV/1005_IWL_ANG_XX.wav,cremad,angry,angry,0,0.5856733156297294,0.3534813287028294,0.0608453554362881,2.3116300804011e-10
/workspace/datasets/cremad/AudioWAV/1005_IWL_HAP_XX.wav,cremad,happy,happy,1,0.1052206177227556,0.7185222787386275,0.17622799342521994,2.9110113386741898e-05
/workspace/datasets/cremad/AudioWAV/1005_IWL_NEU_XX.wav,cremad,neutral,happy,1,0.05317307110233942,0.7789375871715409,0.16788902851555482,3.1321057336049023e-07
/workspace/datasets/cremad/AudioWAV/1005_IWL_SAD_XX.wav,cremad,sad,happy,1,0.006546065351334177,0.7538849632165243,0.23905163676723507,0.0005173346649099192
/workspace/datasets/cremad/AudioWAV/1005_IWW_ANG_XX.wav,cremad,angry,happy,1,0.187206677376718,0.5246495233164564,0.2829229800851405,0.005220819221680222
/workspace/datasets/cremad/AudioWAV/1005_IWW_HAP_XX.wav,cremad,happy,happy,1,0.026167570161821457,0.8877970577709962,0.08492296290696226,0.0011124091602133144
/workspace/datasets/cremad/AudioWAV/1005_IWW_NEU_XX.wav,cremad,neutral,happy,1,0.06010175010311598,0.7452270630277356,0.1928190574947694,0.0018521293743911434
/workspace/datasets/cremad/AudioWAV/1005_IWW_SAD_XX.wav,cremad,sad,neutral,2,0.03367316496158183,0.3422937795558789,0.6236501401064902,0.00038291537604666614
/workspace/datasets/cremad/AudioWAV/1005_MTI_ANG_XX.wav,cremad,angry,angry,0,0.7425976124804486,0.13485372955762495,0.12254466839370384,3.9895682090903505e-06
