file_path,dataset,label,pred_label,pred_label_enc,proba_angry,proba_happy,proba_neutral,proba_sad
/workspace/datasets/cremad/AudioWAV/1001_DFA_ANG_XX.wav,cremad,angry,angry,0,0.9832958660085527,0.003275738541615022,0.013308035018817202,0.00012036043101505425
/workspace/datasets/cremad/AudioWAV/1001_DFA_HAP_XX.wav,cremad,happy,angry,0,0.992512713237037,0.0023886438790620373,0.0049287794505608,0.0001698634333400442
/workspace/datasets/cremad/AudioWAV/1001_DFA_NEU_XX.wav,cremad,neutral,angry,0,0.9893225373231862,0.0028187390884406643,0.0056458910888137655,0.0022128324995593657
/workspace/datasets/cremad/AudioWAV/1001_DFA_SAD_XX.wav,cremad,sad,angry,0,0.46556313079713824,0.4240039400194006,0.08876917785124228,0.02166375133221878
/workspace/datasets/cremad/AudioWAV/1001_IEO_ANG_HI.wav,cremad,angry,angry,0,0.9978641100005873,0.0004661118698996074,0.0010032907874876385,0.0006664873420255157
/workspace/datasets/cremad/AudioWAV/1001_IEO_ANG_LO.wav,cremad,angry,angry,0,0.6243905539802442,0.10779369574630393,0.25962367681600745,0.008192073457444575
/workspace/datasets/cremad/AudioWAV/1001_IEO_ANG_MD.wav,cremad,angry,angry,0,0.6743599579866772,0.13560835240780653,0.18389782197168658,0.00613386763382969
/workspace/datasets/cremad/AudioWAV/1001_IEO_HAP_HI.wav,cremad,happy,angry,0,0.9401784358042796,0.013123598612743143,0.0450329923801011,0.0016649732028761093
/workspace/datasets/cremad/AudioWAV/1001_IEO_HAP_LO.wav,cremad,happy,neutral,2,0.18783730834051038,0.05306012540756656,0.7553259610228894,0.0037766052290336702
/workspace/datasets/cremad/AudioWAV/1001_IEO_HAP_MD.wav,cremad,happy,angry,0,0.6895292576132873,0.029404069528479064,0.07728889157080274,0.20377778128743088
/workspace/datasets/cremad/AudioWAV/1001_IEO_NEU_XX.wav,cremad,neutral,happy,1,0.14246164864181973,0.4989255942952343,0.3516090163799845,0.007003740682961348
/workspace/datasets/cremad/AudioWAV/1001_IEO_SAD_HI.wav,cremad,sad,happy,1,0.010172969462109651,0.9221943773764273,0.036230374475558075,0.03140227868590489
/workspace/datasets/cremad/AudioWAV/1001_IEO_SAD_LO.wav,cremad,sad,happy,1,0.004919176001026526,0.9069343950139263,0.03808974996870748,0.05005667901633974
/workspace/datasets/cremad/AudioWAV/1001_IEO_SAD_MD.wav,cremad,sad,happy,1,0.03646092994256525,0.8994758766037719,0.054704766333305094,0.009358427120357829
/workspace/datasets/cremad/AudioWAV/1001_IOM_ANG_XX.wav,cremad,angry,angry,0,0.39366368043268307,0.22655700270142579,0.37576058298895765,0.004018733876933573
/workspace/datasets/cremad/AudioWAV/1001_IOM_HAP_XX.wav,cremad,happy,angry,0,0.8708472340308261,0.11588521380793752,0.011918326387633465,0.0013492257736029466
/workspace/datasets/cremad/AudioWAV/1001_IOM_NEU_XX.wav,cremad,neutral,happy,1,0.14509315827250296,0.5024460649735228,0.3312640843979851,0.021196692355989127
/workspace/datasets/cremad/AudioWAV/1001_IOM_SAD_XX.wav,cremad,sad,angry,0,0.4844507666939573,0.3839245102808246,0.12923793695420063,0.0023867860710173874
/workspace/datasets/cremad/AudioWAV/1001_ITH_ANG_XX.wav,cremad,angry,angry,0,0.9799813779047446,0.0070472149966506305,0.012945195335503737,2.621176310108377e-05
/workspace/datasets/cremad/AudioWAV/1001_ITH_HAP_XX.wav,cremad,happy,angry,0,0.5614950911616441,0.40143048033404216,0.03683175482830083,0.0002426736760129009
/workspace/datasets/cremad/AudioWAV/1001_ITH_NEU_XX.wav,cremad,neutral,angry,0,0.6107031614505815,0.34794144271745353,0.0336229748599501,0.007732420972014966
/workspace/datasets/cremad/AudioWAV/1001_ITH_SAD_XX.wav,cremad,sad,happy,1,0.06368986239165329,0.8892268624977527,0.0382230026776176,0.008860272432976237
/workspace/datasets/cremad/AudioWAV/1001_ITS_ANG_XX.wav,cremad,angry,angry,0,0.9344976430829475,0.03457265756231032,0.029793551315617763,0.0011361480391245285
/workspace/datasets/cremad/AudioWAV/1001_ITS_HAP_XX.wav,cremad,happy,angry,0,0.813817255287672,0.12575191799046964,0.05276761973478756,0.007663206987070813
/workspace/datasets/cremad/AudioWAV/1001_ITS_NEU_XX.wav,cremad,neutral,angry,0,0.555338018774446,0.23862527440468,0.1926110777533946,0.013425629067479327
/workspace/datasets/cremad/AudioWAV/1001_ITS_SAD_XX.wav,cremad,sad,happy,1,0.08768386377405456,0.7312476269233086,0.11505150524047905,0.06601700406215766
/workspace/datasets/cremad/AudioWAV/1001_IWL_ANG_XX.wav,cremad,angry,angry,0,0.5587086479538129,0.33499335152065496,0.10122607544268952,0.005071925082842554
/workspace/datasets/cremad/AudioWAV/1001_IWL_HAP_XX.wav,cremad,happy,angry,0,0.9162689088490867,0.05242724770713768,0.030191049564323908,0.0011127938794515241
/workspace/datasets/cremad/AudioWAV/1001_IWL_NEU_XX.wav,cremad,neutral,neutral,2,0.1314088058097806,0.23845097927774206,0.6274250223080133,0.0027151926044641063
/workspace/datasets/cremad/AudioWAV/1001_IWL_SAD_XX.wav,cremad,sad,happy,1,0.16581249682275623,0.7273471667307844,0.08258990554189652,0.024250430904562983
/workspace/datasets/cremad/AudioWAV/1001_IWW_ANG_XX.wav,cremad,angry,angry,0,0.9859350401410307,0.006497325595999859,0.00725792409148523,0.00030971017148427875
/workspace/datasets/cremad/AudioWAV/1001_IWW_HAP_XX.wav,cremad,happy,angry,0,0.9912880353263758,0.003153407308110534,0.005270955419018202,0.0002876019464955883
/workspace/datasets/cremad/AudioWAV/1001_IWW_NEU_XX.wav,cremad,neutral,happy,1,0.2435142987649047,0.562617864776033,0.17692186818273656,0.01694596827632571
/workspace/datasets/cremad/AudioWAV/1001_IWW_SAD_XX.wav,cremad,sad,happy,1,0.21637898864219002,0.7323153565982784,0.03540775973984798,0.015897895019683667
/workspace/datasets/cremad/AudioWAV/1001_MTI_ANG_XX.wav,cremad,angry,angry,0,0.9418607490881569,0.008949769443702855,0.041329447763424294,0.00786003370471585
/workspace/datasets/cremad/AudioWAV/1001_MTI_HAP_XX.wav,cremad,happy,angry,0,0.9899561921152593,0.003689404796449989,0.006294291933263103,6.011115502757522e-05
/workspace/datasets/cremad/AudioWAV/1001_MTI_NEU_XX.wav,cremad,neutral,angry,0,0.8786621354984938,0.05618440107273041,0.06415509392313924,0.0009983695056364817
/workspace/datasets/cremad/AudioWAV/1001_MTI_SAD_XX.wav,cremad,sad,angry,0,0.6502087486471093,0.09036051644802577,0.25121229133561107,0.00821844356925391
/workspace/datasets/cremad/AudioWAV/1001_TAI_ANG_XX.wav,cremad,angry,angry,0,0.9717911508307228,0.016052659114509253,0.010395745489502638,0.001760444565265398
/workspace/datasets/cremad/AudioWAV/1001_TAI_HAP_XX.wav,cremad,happy,angry,0,0.9346997125625774,0.038736147067275885,0.014398973320555786,0.012165167049590786
/workspace/datasets/cremad/AudioWAV/1001_TAI_NEU_XX.wav,cremad,neutral,angry,0,0.9014808467835523,0.04742992237710575,0.048624696116954504,0.002464534722387497
/workspace/datasets/cremad/AudioWAV/1001_TAI_SAD_XX.wav,cremad,sad,happy,1,0.1158799251818703,0.7967172373561459,0.08089444483769104,0.006508392624292908
/workspace/datasets/cremad/AudioWAV/1001_TIE_ANG_XX.wav,cremad,angry,angry,0,0.9596171654205129,0.014513376491276164,0.025260461368938617,0.0006089967192721178
/workspace/datasets/cremad/AudioWAV/1001_TIE_HAP_XX.wav,cremad,happy,angry,0,0.9916190246729779,0.0013429713967244162,0.007010232230928447,2.7771699369080984e-05
/workspace/datasets/cremad/AudioWAV/1001_TIE_NEU_XX.wav,cremad,neutral,angry,0,0.8427605890895539,0.04045364977752835,0.09929479406765668,0.017490967065260994
/workspace/datasets/cremad/AudioWAV/1001_TIE_SAD_XX.wav,cremad,sad,happy,1,0.0427430942044541,0.5009755237625284,0.37120739544271125,0.08507398659030624
/workspace/datasets/cremad/AudioWAV/1001_TSI_ANG_XX.wav,cremad,angry,angry,0,0.9910755770720444,0.005494697962891071,0.003250080622576542,0.00017964434248789467
/workspace/datasets/cremad/AudioWAV/1001_TSI_HAP_XX.wav,cremad,happy,angry,0,0.6966295929881331,0.08346661996951349,0.21283645819290956,0.007067328849443848
/workspace/datasets/cremad/AudioWAV/1001_TSI_NEU_XX.wav,cremad,neutral,angry,0,0.5884882979593005,0.32278694073699815,0.032310399651036235,0.056414361652665126
/workspace/datasets/cremad/AudioWAV/1001_TSI_SAD_XX.wav,cremad,sad,happy,1,0.039075134321330064,0.9157850615455231,0.015772350669947408,0.02936745346319934
/workspace/datasets/cremad/AudioWAV/1001_WSI_ANG_XX.wav,cremad,angry,angry,0,0.997871738581675,0.0007493006953495465,0.0012809879722887577,9.797275068662731e-05
/workspace/datasets/cremad/AudioWAV/1001_WSI_HAP_XX.wav,cremad,happy,angry,0,0.9625509614256668,0.006678688085207713,0.030715698039798612,5.465244932687973e-05
/workspace/datasets/cremad/AudioWAV/1001_WSI_NEU_XX.wav,cremad,neutral,angry,0,0.8218359081303825,0.16257830270651719,0.013942821898726218,0.0016429672643739413
/workspace/datasets/cremad/AudioWAV/1001_WSI_SAD_XX.wav,cremad,sad,angry,0,0.8572728311754229,0.1101545925360096,0.030375521393805095,0.0021970548947624173
/workspace/datasets/cremad/AudioWAV/1002_DFA_ANG_XX.wav,cremad,angry,angry,0,0.9896190590960497,0.010337181786462075,4.0545262173487536e-05,3.2138553146346777e-06
/workspace/datasets/cremad/AudioWAV/1002_DFA_HAP_XX.wav,cremad,happy,angry,0,0.653006130837673,0.08885863770987014,0.01756341064446118,0.24057182080799572
/workspace/datasets/cremad/AudioWAV/1002_DFA_NEU_XX.wav,cremad,neutral,happy,1,0.019466274458221605,0.8047270725327189,0.04978520120583899,0.1260214518032206
/workspace/datasets/cremad/AudioWAV/1002_DFA_SAD_XX.wav,cremad,sad,sad,3,0.003562736633924076,0.32694157043609506,0.04547475505742232,0.6240209378725585
/workspace/datasets/cremad/AudioWAV/1002_IEO_ANG_HI.wav,cremad,angry,angry,0,0.9514644178641689,0.028894049184537543,0.019589149797273466,5.238315402006915e-05
/workspace/datasets/cremad/AudioWAV/1002_IEO_ANG_LO.wav,cremad,angry,angry,0,0.9409102072836326,0.03547831247496324,0.023417877010816157,0.00019360323058790596
/workspace/datasets/cremad/AudioWAV/1002_IEO_ANG_MD.wav,cremad,angry,angry,0,0.9973633456812522,0.0019589078845641227,0.0006343124021402804,4.343403204362427e-05
/workspace/datasets/cremad/AudioWAV/1002_IEO_HAP_HI.wav,cremad,happy,angry,0,0.6108726606568917,0.2057765750871084,0.18029364044094204,0.003057123815057895
/workspace/datasets/cremad/AudioWAV/1002_IEO_HAP_LO.wav,cremad,happy,happy,1,0.013361046419714685,0.6608956831740399,0.1731673320338368,0.15257593837240865
/workspace/datasets/cremad/AudioWAV/1002_IEO_HAP_MD.wav,cremad,happy,angry,0,0.9890999330992726,0.0023756296284844426,0.008498169513233645,2.6267759009517676e-05
/workspace/datasets/cremad/AudioWAV/1002_IEO_NEU_XX.wav,cremad,neutral,happy,1,0.00235397248411174,0.778514581414457,0.1191050353735053,0.10002641072792585
/workspace/datasets/cremad/AudioWAV/1002_IEO_SAD_HI.wav,cremad,sad,happy,1,0.0030356844043098875,0.667303239550199,0.12889889646179148,0.2007621795836998
/workspace/datasets/cremad/AudioWAV/1002_IEO_SAD_LO.wav,cremad,sad,happy,1,0.002212105250043314,0.6559706346729755,0.0694174903252,0.27239976975178115
/workspace/datasets/cremad/AudioWAV/1002_IEO_SAD_MD.wav,cremad,sad,happy,1,0.004091519195324387,0.41939245342363307,0.18835980464089322,0.3881562227401494
/workspace/datasets/cremad/AudioWAV/1002_IOM_ANG_XX.wav,cremad,angry,angry,0,0.7809783305599772,0.08961633385221668,0.05381643654902243,0.0755888990387839
/workspace/datasets/cremad/AudioWAV/1002_IOM_HAP_XX.wav,cremad,happy,happy,1,0.11569589121866347,0.586911072613067,0.26190522909982994,0.03548780706843974
/workspace/datasets/cremad/AudioWAV/1002_IOM_NEU_XX.wav,cremad,neutral,happy,1,0.003789566286670816,0.9543009083001245,0.0364133404029537,0.0054961850102508815
/workspace/datasets/cremad/AudioWAV/1002_IOM_SAD_XX.wav,cremad,sad,happy,1,0.007994473409975797,0.7372446275644595,0.24598808380519166,0.008772815220372935
/workspace/datasets/cremad/AudioWAV/1002_ITH_ANG_XX.wav,cremad,angry,angry,0,0.9817801334403216,0.008835441109609056,0.009249995246885568,0.00013443020318375666
/workspace/datasets/cremad/AudioWAV/1002_ITH_HAP_XX.wav,cremad,happy,angry,0,0.9277577719856017,0.04027039136818609,0.0303687000550918,0.0016031365911204245
/workspace/datasets/cremad/AudioWAV/1002_ITH_NEU_XX.wav,cremad,neutral,sad,3,0.009250259115634683,0.2244288629458597,0.10444664792726413,0.6618742300112415
/workspace/datasets/cremad/AudioWAV/1002_ITH_SAD_XX.wav,cremad,sad,happy,1,0.05994983205640503,0.7752349070746413,0.10995178723734556,0.05486347363160808
/workspace/datasets/cremad/AudioWAV/1002_ITS_ANG_XX.wav,cremad,angry,happy,1,0.2134145959362472,0.7507669250351505,0.02190852525003355,0.013909953778568674
/workspace/datasets/cremad/AudioWAV/1002_ITS_HAP_XX.wav,cremad,happy,angry,0,0.8974160328271131,0.0761717404691927,0.024588938737974263,0.0018232879657200068
/workspace/datasets/cremad/AudioWAV/1002_ITS_NEU_XX.wav,cremad,neutral,happy,1,0.014993139082322932,0.6797638465163066,0.056223274621270004,0.2490197397801004
/workspace/datasets/cremad/AudioWAV/1002_ITS_SAD_XX.wav,cremad,sad,happy,1,0.0029003603075422645,0.5843169733385782,0.019015520341615712,0.39376714601226376
/workspace/datasets/cremad/AudioWAV/1002_IWL_ANG_XX.wav,cremad,angry,angry,0,0.6816712952258948,0.2343814221882426,0.08367159487191134,0.00027568771395135864
/workspace/datasets/cremad/AudioWAV/1002_IWL_HAP_XX.wav,cremad,happy,angry,0,0.6300721067968,0.1583169320418801,0.19369602297241392,0.017914938188905945
/workspace/datasets/cremad/AudioWAV/1002_IWL_NEU_XX.wav,cremad,neutral,happy,1,0.00838944703897827,0.8575185107932383,0.08668449569264826,0.047407546475135336
/workspace/datasets/cremad/AudioWAV/1002_IWL_SAD_XX.wav,cremad,sad,happy,1,0.00124291399845607,0.8973226403832184,0.05965753103841464,0.04177691457991105
/workspace/datasets/cremad/AudioWAV/1002_IWW_ANG_XX.wav,cremad,angry,angry,0,0.8536873741836667,0.05642323652584706,0.08942048231530521,0.00046890697518117355
/workspace/datasets/cremad/AudioWAV/1002_IWW_HAP_XX.wav,cremad,happy,angry,0,0.880933151589109,0.07684928362178563,0.037214871407766414,0.005002693381338843
/workspace/datasets/cremad/AudioWAV/1002_IWW_NEU_XX.wav,cremad,neutral,happy,1,0.0035112536924569947,0.4667988454225273,0.08459139375040062,0.44509850713461513
/workspace/datasets/cremad/AudioWAV/1002_IWW_SAD_XX.wav,cremad,sad,happy,1,0.01784082762872449,0.6487231311483632,0.13478046278346048,0.19865557843945184
/workspace/datasets/cremad/AudioWAV/1002_MTI_ANG_XX.wav,cremad,angry,angry,0,0.8254336964203369,0.032506950137468585,0.11695295965713064,0.025106393785064015
/workspace/datasets/cremad/AudioWAV/1002_MTI_HAP_XX.wav,cremad,happy,angry,0,0.6047377411692627,0.08740492202099168,0.2726910768739124,0.03516625993583315
/workspace/datasets/cremad/AudioWAV/1002_MTI_NEU_XX.wav,cremad,neutral,happy,1,0.022995655102695422,0.599586183491637,0.2939578337599875,0.08346032764568025
/workspace/datasets/cremad/AudioWAV/1002_MTI_SAD_XX.wav,cremad,sad,happy,1,0.0875139112188272,0.4456011028875497,0.23843219703530258,0.22845278885832054
/workspace/datasets/cremad/AudioWAV/1002_TAI_ANG_XX.wav,cremad,angry,angry,0,0.8601842717492352,0.0925770136150209,0.04194633828218324,0.005292376353560728
/workspace/datasets/cremad/AudioWAV/1002_TAI_HAP_XX.wav,cremad,happy,angry,0,0.9857650263220538,0.007563799236542767,0.005355831065707625,0.0013153433756958107
/workspace/datasets/cremad/AudioWAV/1002_TAI_NEU_XX.wav,cremad,neutral,happy,1,0.003569715176077741,0.7735034120262644,0.061191065272257976,0.16173580752540015
/workspace/datasets/cremad/AudioWAV/1002_TAI_SAD_XX.wav,cremad,sad,happy,1,0.03359881397976963,0.3750673641028171,0.31562121405701926,0.27571260786039403
/workspace/datasets/cremad/AudioWAV/1002_TIE_ANG_XX.wav,cremad,angry,angry,0,0.9950679616369638,0.004847805074832487,6.002123227660188e-05,2.421205592709678e-05
/workspace/datasets/cremad/AudioWAV/1002_TIE_HAP_XX.wav,cremad,happy,angry,0,0.9456606427481741,0.00544740745007622,0.002293498171412427,0.04659845163033736
/workspace/datasets/cremad/AudioWAV/1002_TIE_SAD_XX.wav,cremad,sad,angry,0,0.7484680707830262,0.045861287212040774,0.20470145823909977,0.000969183765833162
/workspace/datasets/cremad/AudioWAV/1002_TSI_ANG_XX.wav,cremad,angry,angry,0,0.6470532540366294,0.2103411847973078,0.12246057501610519,0.0201449861499576
/workspace/datasets/cremad/AudioWAV/1002_TSI_HAP_XX.wav,cremad,happy,angry,0,0.5699837296922038,0.11315020598885388,0.2939207998198966,0.02294526449904586
/workspace/datasets/cremad/AudioWAV/1002_TSI_NEU_XX.wav,cremad,neutral,happy,1,0.005986372965119887,0.7442840716158614,0.033374300405279896,0.21635525501373873
/workspace/datasets/cremad/AudioWAV/1002_TSI_SAD_XX.wav,cremad,sad,happy,1,0.015472541742850801,0.811340985550915,0.007385445869283168,0.16580102683695097
/workspace/datasets/cremad/AudioWAV/1002_WSI_ANG_XX.wav,cremad,angry,angry,0,0.9615813606284916,0.029208896140146372,0.007010511894127633,0.0021992313372343414
/workspace/datasets/cremad/AudioWAV/1002_WSI_HAP_XX.wav,cremad,happy,angry,0,0.964675977645154,0.025273121707422682,0.008670179528492812,0.0013807211189305376
/workspace/datasets/cremad/AudioWAV/1002_WSI_NEU_XX.wav,cremad,neutral,happy,1,0.07442647620766148,0.66567012715347,0.06677100286999514,0.19313239376887348
/workspace/datasets/cremad/AudioWAV/1002_WSI_SAD_XX.wav,cremad,sad,sad,3,0.03957614397384853,0.25404379539544114,0.019981519756388563,0.6863985408743217
/workspace/datasets/cremad/AudioWAV/1003_DFA_ANG_XX.wav,cremad,angry,angry,0,0.9997407901245867,0.00025055209212407076,8.645669635999507e-06,1.2113653218075875e-08
/workspace/datasets/cremad/AudioWAV/1003_DFA_HAP_XX.wav,cremad,happy,angry,0,0.7433671570837567,0.07859027405782476,0.17553237207459907,0.0025101967838195524
/workspace/datasets/cremad/AudioWAV/1003_DFA_NEU_XX.wav,cremad,neutral,angry,0,0.6957026668156367,0.04494033370262468,0.19177434156876622,0.06758265791297219
/workspace/datasets/cremad/AudioWAV/1003_DFA_SAD_XX.wav,cremad,sad,happy,1,0.01182704534499962,0.6674843692006798,0.08197915100512305,0.23870943444919762
/workspace/datasets/cremad/AudioWAV/1003_IEO_ANG_HI.wav,cremad,angry,happy,1,0.014657728028753293,0.9849816539023933,0.000357415824497025,3.202244356186398e-06
/workspace/datasets/cremad/AudioWAV/1003_IEO_ANG_LO.wav,cremad,angry,angry,0,0.4926915151282059,0.13687468993151872,0.35094796736630485,0.01948582757397039
/workspace/datasets/cremad/AudioWAV/1003_IEO_ANG_MD.wav,cremad,angry,happy,1,0.22166112473397398,0.6736998218312634,0.0772091520621882,0.027429901372574467
/workspace/datasets/cremad/AudioWAV/1003_IEO_HAP_HI.wav,cremad,happy,angry,0,0.5550379412072366,0.2520482189450668,0.1923109669298433,0.0006028729178532571
/workspace/datasets/cremad/AudioWAV/1003_IEO_HAP_LO.wav,cremad,happy,happy,1,0.06892185715178473,0.6069486646734754,0.2429928218753933,0.08113665629934642
/workspace/datasets/cremad/AudioWAV/1003_IEO_HAP_MD.wav,cremad,happy,happy,1,0.35681471412397225,0.6040697885849057,0.03387612686925395,0.005239370421868235
/workspace/datasets/cremad/AudioWAV/1003_IEO_NEU_XX.wav,cremad,neutral,happy,1,0.012399934310108746,0.8161559122148131,0.14277574523492523,0.028668408240152918
/workspace/datasets/cremad/AudioWAV/1003_IEO_SAD_HI.wav,cremad,sad,happy,1,0.0021954394053400493,0.5336133783568436,0.08228094060562886,0.38191024163218756
/workspace/datasets/cremad/AudioWAV/1003_IEO_SAD_LO.wav,cremad,sad,happy,1,0.0025941604518781238,0.6070428285319633,0.046954281604326666,0.3434087294118319
/workspace/datasets/cremad/AudioWAV/1003_IEO_SAD_MD.wav,cremad,sad,happy,1,0.0016247310411191059,0.6977044892458578,0.10726163420434587,0.1934091455086773
/workspace/datasets/cremad/AudioWAV/1003_IOM_ANG_XX.wav,cremad,angry,happy,1,0.2239533493563211,0.767222327012519,0.008588880017559183,0.0002354436136007313
/workspace/datasets/cremad/AudioWAV/1003_IOM_HAP_XX.wav,cremad,happy,angry,0,0.4873644859817296,0.38574321381759985,0.11720999602015202,0.009682304180518438
/workspace/datasets/cremad/AudioWAV/1003_IOM_NEU_XX.wav,cremad,neutral,angry,0,0.4990078708723686,0.053495860134218684,0.4223109703654612,0.02518529862795142
/workspace/datasets/cremad/AudioWAV/1003_IOM_SAD_XX.wav,cremad,sad,happy,1,0.009214826601450727,0.5770086447507815,0.12947632528313305,0.28430020336463463
/workspace/datasets/cremad/AudioWAV/1003_ITH_ANG_XX.wav,cremad,angry,happy,1,0.4501606409265474,0.5467863267675681,0.002922588678098228,0.00013044362778629124
/workspace/datasets/cremad/AudioWAV/1003_ITH_HAP_XX.wav,cremad,happy,angry,0,0.7423449681825849,0.20372213521783225,0.05082130185973949,0.003111594739843277
/workspace/datasets/cremad/AudioWAV/1003_ITH_NEU_XX.wav,cremad,neutral,angry,0,0.38478747952005554,0.2623948339826096,0.34846129621893235,0.004356390278402548
/workspace/datasets/cremad/AudioWAV/1003_ITH_SAD_XX.wav,cremad,sad,happy,1,0.009986999204338329,0.8684400865726146,0.04211174007938024,0.07946117414366684
/workspace/datasets/cremad/AudioWAV/1003_ITS_ANG_XX.wav,cremad,angry,angry,0,0.9762659939842915,0.010549746208106753,0.00998779641233967,0.0031964633952622132
/workspace/datasets/cremad/AudioWAV/1003_ITS_HAP_XX.wav,cremad,happy,happy,1,0.26921443216305513,0.4597304882919873,0.1047549492059698,0.16630013033898783
/workspace/datasets/cremad/AudioWAV/1003_ITS_NEU_XX.wav,cremad,neutral,happy,1,0.008722161658275477,0.8723472291027667,0.03744859372974849,0.08148201550920915
/workspace/datasets/cremad/AudioWAV/1003_ITS_SAD_XX.wav,cremad,sad,happy,1,0.0009474733645236525,0.7829883606457746,0.024530927284579854,0.19153323870512182
/workspace/datasets/cremad/AudioWAV/1003_IWL_ANG_XX.wav,cremad,angry,angry,0,0.7182977990785371,0.2809405190452978,0.0006340506187344711,0.00012763125743062175
/workspace/datasets/cremad/AudioWAV/1003_IWL_HAP_XX.wav,cremad,happy,angry,0,0.5054034868010344,0.39651849063477707,0.09679858966835149,0.0012794328958370806
/workspace/datasets/cremad/AudioWAV/1003_IWL_NEU_XX.wav,cremad,neutral,happy,1,0.08963040123064467,0.795031792349284,0.11077157210416556,0.004566234315905719
/workspace/datasets/cremad/AudioWAV/1003_IWL_SAD_XX.wav,cremad,sad,happy,1,0.005355965174340353,0.8280639537264953,0.10894806863548676,0.05763201246367762
/workspace/datasets/cremad/AudioWAV/1003_IWW_ANG_XX.wav,cremad,angry,angry,0,0.8390010821279124,0.15734045346181957,0.00303839815080129,0.0006200662594669108
/workspace/datasets/cremad/AudioWAV/1003_IWW_HAP_XX.wav,cremad,happy,angry,0,0.6116707602742947,0.15904065975264237,0.21942141829970074,0.009867161673362407
/workspace/datasets/cremad/AudioWAV/1003_IWW_NEU_XX.wav,cremad,neutral,happy,1,0.06348200040809115,0.5106720997994613,0.2937713044618781,0.13207459533056945
/workspace/datasets/cremad/AudioWAV/1003_IWW_SAD_XX.wav,cremad,sad,sad,3,0.0020131203869939167,0.060939622175117954,0.18986596122894384,0.7471812962089442
/workspace/datasets/cremad/AudioWAV/1003_MTI_ANG_XX.wav,cremad,angry,angry,0,0.9232220078187634,0.05133178176963462,0.010277788790728782,0.015168421620872998
/workspace/datasets/cremad/AudioWAV/1003_MTI_HAP_XX.wav,cremad,happy,neutral,2,0.23056237131171353,0.1307659294186338,0.6315569496783503,0.007114749591302353
/workspace/datasets/cremad/AudioWAV/1003_MTI_NEU_XX.wav,cremad,neutral,neutral,2,0.23787346322098646,0.3024776035690978,0.4109385655644109,0.04871036764550491
/workspace/datasets/cremad/AudioWAV/1003_MTI_SAD_XX.wav,cremad,sad,happy,1,0.020864213526292662,0.4891649888803625,0.3697405753183089,0.12023022227503583
/workspace/datasets/cremad/AudioWAV/1003_TAI_ANG_XX.wav,cremad,angry,angry,0,0.9282561736643518,0.07061383831461748,0.0009721061860081529,0.00015788183502272242
/workspace/datasets/cremad/AudioWAV/1003_TAI_HAP_XX.wav,cremad,happy,angry,0,0.9548843165010096,0.024839224371205705,0.020023537454736375,0.00025292167304828765
/workspace/datasets/cremad/AudioWAV/1003_TAI_NEU_XX.wav,cremad,neutral,angry,0,0.7618081188396763,0.07188044267525487,0.15543373274204397,0.010877705743024834
/workspace/datasets/cremad/AudioWAV/1003_TAI_SAD_XX.wav,cremad,sad,neutral,2,0.19314192606772698,0.2282692208805446,0.48422950710785306,0.09435934594387528
/workspace/datasets/cremad/AudioWAV/1003_TIE_ANG_XX.wav,cremad,angry,angry,0,0.9848319003646224,0.01393477615577436,0.0011949768100267223,3.834666957630688e-05
/workspace/datasets/cremad/AudioWAV/1003_TIE_HAP_XX.wav,cremad,happy,happy,1,0.15904093133581973,0.4336282548719119,0.4009759809038958,0.006354832888372515
/workspace/datasets/cremad/AudioWAV/1003_TIE_NEU_XX.wav,cremad,neutral,neutral,2,0.2653834504935568,0.1467411493474087,0.5642752286985259,0.02360017146050857
/workspace/datasets/cremad/AudioWAV/1003_TIE_SAD_XX.wav,cremad,sad,sad,3,0.04688105918709993,0.44491724941774996,0.03216607765569866,0.4760356137394515
/workspace/datasets/cremad/AudioWAV/1003_TSI_ANG_XX.wav,cremad,angry,happy,1,0.27448899930656395,0.7143968182067267,0.004490712115317968,0.0066234703713914005
/workspace/datasets/cremad/AudioWAV/1003_TSI_HAP_XX.wav,cremad,happy,sad,3,0.019032165151181044,0.4814646065811739,0.012342679419140985,0.48716054884850396
/workspace/datasets/cremad/AudioWAV/1003_TSI_NEU_XX.wav,cremad,neutral,happy,1,0.00493020454204317,0.560575008518742,0.019421125178796666,0.41507366176041816
/workspace/datasets/cremad/AudioWAV/1003_TSI_SAD_XX.wav,cremad,sad,sad,3,0.0008097073980186548,0.09490429205222282,0.0042655526421702915,0.9000204479075883
/workspace/datasets/cremad/AudioWAV/1003_WSI_ANG_XX.wav,cremad,angry,angry,0,0.995408616797924,0.0045606551920139606,2.4665866756948212e-05,6.062143305131982e-06
/workspace/datasets/cremad/AudioWAV/1003_WSI_HAP_XX.wav,cremad,happy,happy,1,0.35307091013321246,0.624185012330801,0.0202549525719654,0.002489124964021094
/workspace/datasets/cremad/AudioWAV/1003_WSI_NEU_XX.wav,cremad,neutral,happy,1,0.1078025285744904,0.8173965225559702,0.038270243405416474,0.03653070546412313
/workspace/datasets/cremad/AudioWAV/1003_WSI_SAD_XX.wav,cremad,sad,happy,1,0.005644156743846328,0.9141293429813053,0.015623972212190734,0.0646025280626576
/workspace/datasets/cremad/AudioWAV/1004_DFA_ANG_XX.wav,cremad,angry,angry,0,0.9999411190511098,2.398473641067216e-05,3.4812128600645776e-05,8.408387882260337e-08
/workspace/datasets/cremad/AudioWAV/1004_DFA_HAP_XX.wav,cremad,happy,angry,0,0.7989736123739191,0.035173315637182276,0.14029226963826394,0.025560802350634765
/workspace/datasets/cremad/AudioWAV/1004_DFA_NEU_XX.wav,cremad,neutral,angry,0,0.5881097671717337,0.08180830717549942,0.24041623321396344,0.08966569243880342
/workspace/datasets/cremad/AudioWAV/1004_DFA_SAD_XX.wav,cremad,sad,happy,1,0.03417141791912629,0.6129198955480999,0.0805922595359233,0.27231642699685044
/workspace/datasets/cremad/AudioWAV/1004_IEO_ANG_HI.wav,cremad,angry,angry,0,0.8521440486979369,0.1472785436138453,0.0005409521226782236,3.6455565539491427e-05
/workspace/datasets/cremad/AudioWAV/1004_IEO_ANG_LO.wav,cremad,angry,angry,0,0.9357627760436624,0.03589555483323805,0.027321587432508353,0.001020081690591132
/workspace/datasets/cremad/AudioWAV/1004_IEO_ANG_MD.wav,cremad,angry,angry,0,0.8041369543882573,0.1850148938192764,0.010375249592104408,0.0004729022003618754
/workspace/datasets/cremad/AudioWAV/1004_IEO_HAP_HI.wav,cremad,happy,happy,1,0.07171351032327747,0.9282498203272677,3.5732615689141674e-05,9.367337655616388e-07
/workspace/datasets/cremad/AudioWAV/1004_IEO_HAP_LO.wav,cremad,happy,happy,1,0.09591962156075858,0.7140475815355177,0.14022019362933205,0.04981260327439176
/workspace/datasets/cremad/AudioWAV/1004_IEO_HAP_MD.wav,cremad,happy,angry,0,0.7939409168244123,0.12474875503723554,0.0804475799407833,0.000862748197569153
/workspace/datasets/cremad/AudioWAV/1004_IEO_NEU_XX.wav,cremad,neutral,happy,1,0.13294491617384677,0.520242546335485,0.2778063064588603,0.0690062310318081
/workspace/datasets/cremad/AudioWAV/1004_IEO_SAD_HI.wav,cremad,sad,happy,1,0.0008749247827657847,0.7550228210639952,0.08275624448013491,0.16134600967310425
/workspace/datasets/cremad/AudioWAV/1004_IEO_SAD_LO.wav,cremad,sad,happy,1,0.0062996361858272095,0.5409758399243509,0.08142274275984093,0.37130178112998086
/workspace/datasets/cremad/AudioWAV/1004_IEO_SAD_MD.wav,cremad,sad,sad,3,0.001369253648371286,0.34482833528741885,0.08085113221606943,0.5729512788481405
/workspace/datasets/cremad/AudioWAV/1004_IOM_ANG_XX.wav,cremad,angry,angry,0,0.9998335090143347,1.5523144265097942e-05,0.00014977200986197251,1.195831538483522e-06
/workspace/datasets/cremad/AudioWAV/1004_IOM_HAP_XX.wav,cremad,happy,angry,0,0.5466018366258495,0.05537067221049804,0.3843974104598994,0.013630080703752974
/workspace/datasets/cremad/AudioWAV/1004_IOM_NEU_XX.wav,cremad,neutral,neutral,2,0.11964444910763293,0.30999603124535335,0.3251134317624131,0.24524608788460076
/workspace/datasets/cremad/AudioWAV/1004_IOM_SAD_XX.wav,cremad,sad,happy,1,0.0009953888791926788,0.7623425200185777,0.1758631587592293,0.06079893234300034
/workspace/datasets/cremad/AudioWAV/1004_ITH_ANG_XX.wav,cremad,angry,angry,0,0.9963536443312611,0.00030942286979159227,0.0033344376171490792,2.4951817984051025e-06
/workspace/datasets/cremad/AudioWAV/1004_ITH_HAP_XX.wav,cremad,happy,happy,1,0.41179323191115247,0.5420920127756672,0.029472994427437525,0.01664176088574283
/workspace/datasets/cremad/AudioWAV/1004_ITH_NEU_XX.wav,cremad,neutral,happy,1,0.3165049344848782,0.38270184011599384,0.22875881812041718,0.07203440727871072
/workspace/datasets/cremad/AudioWAV/1004_ITH_SAD_XX.wav,cremad,sad,happy,1,0.0015349767559432641,0.6527450411945724,0.1682609920837167,0.1774589899657677
/workspace/datasets/cremad/AudioWAV/1004_ITS_ANG_XX.wav,cremad,angry,angry,0,0.9043710335818375,0.06835598158082029,0.020936518256844255,0.006336466580498089
/workspace/datasets/cremad/AudioWAV/1004_ITS_HAP_XX.wav,cremad,happy,happy,1,0.03501073236720729,0.8561283083419601,0.042172132007518084,0.06668882728331452
/workspace/datasets/cremad/AudioWAV/1004_ITS_NEU_XX.wav,cremad,neutral,happy,1,0.29911944100036186,0.516370553643926,0.14403266049908794,0.04047734485662425
/workspace/datasets/cremad/AudioWAV/1004_ITS_SAD_XX.wav,cremad,sad,sad,3,0.017310778226147856,0.12441804063773598,0.18473667332702295,0.6735345078090933
/workspace/datasets/cremad/AudioWAV/1004_IWL_ANG_XX.wav,cremad,angry,angry,0,0.9942941504999855,0.005179598311701458,0.0005229634693379205,3.2877189752582775e-06
/workspace/datasets/cremad/AudioWAV/1004_IWL_HAP_XX.wav,cremad,happy,angry,0,0.6416534699985191,0.2885753329818046,0.05163750752081559,0.018133689498860635
/workspace/datasets/cremad/AudioWAV/1004_IWL_NEU_XX.wav,cremad,neutral,angry,0,0.662008154381805,0.22291356956492825,0.10939801916726989,0.005680256885996798
/workspace/datasets/cremad/AudioWAV/1004_IWL_SAD_XX.wav,cremad,sad,angry,0,0.79676097908544,0.12982010297429925,0.06518392996082917,0.00823498797943154
/workspace/datasets/cremad/AudioWAV/1004_IWW_ANG_XX.wav,cremad,angry,angry,0,0.9670128463285829,0.004479221832267142,0.027202704028164076,0.001305227810985746
/workspace/datasets/cremad/AudioWAV/1004_IWW_HAP_XX.wav,cremad,happy,happy,1,0.04708700531694895,0.661907420351893,0.11050320690427039,0.18050236742688763
/workspace/datasets/cremad/AudioWAV/1004_IWW_NEU_XX.wav,cremad,neutral,sad,3,0.08929673684584212,0.22218288688592036,0.23831069178316477,0.4502096844850728
/workspace/datasets/cremad/AudioWAV/1004_IWW_SAD_XX.wav,cremad,sad,happy,1,0.011516355941845998,0.6772414318764849,0.1247548520085225,0.18648736017314654
/workspace/datasets/cremad/AudioWAV/1004_MTI_ANG_XX.wav,cremad,angry,angry,0,0.9918050180018645,0.0025421901596914447,0.005355525244140352,0.0002972665943036572
/workspace/datasets/cremad/AudioWAV/1004_MTI_HAP_XX.wav,cremad,happy,happy,1,0.10420759392566213,0.39218722064317396,0.2234636107828572,0.2801415746483067
/workspace/datasets/cremad/AudioWAV/1004_MTI_NEU_XX.wav,cremad,neutral,neutral,2,0.09125176503386889,0.34024469473081126,0.5514749170839256,0.0170286231513942
/workspace/datasets/cremad/AudioWAV/1004_MTI_SAD_XX.wav,cremad,sad,happy,1,0.01812476087766233,0.5857391623461692,0.23997727182113857,0.15615880495503007
/workspace/datasets/cremad/AudioWAV/1004_TAI_ANG_XX.wav,cremad,angry,angry,0,0.9983916343740413,0.00022468433448009478,0.0013653048137015381,1.8376477776972853e-05
/workspace/datasets/cremad/AudioWAV/1004_TAI_HAP_XX.wav,cremad,happy,happy,1,0.05320867568605477,0.39188621426380327,0.23100495092276813,0.32390015912737385
/workspace/datasets/cremad/AudioWAV/1004_TAI_NEU_XX.wav,cremad,neutral,happy,1,0.09209587565119379,0.6629553255503019,0.19919271738008174,0.04575608141842264
/workspace/datasets/cremad/AudioWAV/1004_TAI_SAD_XX.wav,cremad,sad,happy,1,0.060127124535578814,0.4710991340573298,0.15915524534667377,0.30961849606041747
/workspace/datasets/cremad/AudioWAV/1004_TIE_ANG_XX.wav,cremad,angry,angry,0,0.9999741987778908,2.3813319698497676e-05,1.7112527108947844e-06,2.7664969983437483e-07
/workspace/datasets/cremad/AudioWAV/1004_TIE_HAP_XX.wav,cremad,happy,angry,0,0.9882521579384428,0.009935813784482902,0.0018112386290640651,7.896480103444148e-07
/workspace/datasets/cremad/AudioWAV/1004_TIE_NEU_XX.wav,cremad,neutral,happy,1,0.2358110017579865,0.45084891005514527,0.24293160644292774,0.07040848174394057
/workspace/datasets/cremad/AudioWAV/1004_TIE_SAD_XX.wav,cremad,sad,happy,1,0.004250189912171105,0.829533321295566,0.01282304102694798,0.153393447765315
/workspace/datasets/cremad/AudioWAV/1004_TSI_ANG_XX.wav,cremad,angry,angry,0,0.9916275169821661,0.005157312012463958,0.003057314927661951,0.00015785607770804066
/workspace/datasets/cremad/AudioWAV/1004_TSI_HAP_XX.wav,cremad,happy,happy,1,0.12585749575831642,0.802695640470959,0.061882770573407075,0.00956409319731765
/workspace/datasets/cremad/AudioWAV/1004_TSI_NEU_XX.wav,cremad,neutral,angry,0,0.5671516995791901,0.1337856460840919,0.2812572030783911,0.017805451258326964
/workspace/datasets/cremad/AudioWAV/1004_TSI_SAD_XX.wav,cremad,sad,happy,1,0.005418257022304543,0.573938803836561,0.012896172349833165,0.4077467667913013
/workspace/datasets/cremad/AudioWAV/1004_WSI_ANG_XX.wav,cremad,angry,angry,0,0.9928367061527309,0.0061330090462509285,0.000894377007196396,0.00013590779382172756
/workspace/datasets/cremad/AudioWAV/1004_WSI_HAP_XX.wav,cremad,happy,angry,0,0.9637909132573821,0.03348753369726123,0.0026773256251546697,4.422742020218345e-05
/workspace/datasets/cremad/AudioWAV/1004_WSI_NEU_XX.wav,cremad,neutral,angry,0,0.5720684078195865,0.20360527312447768,0.17893615034779894,0.04539016870813697
/workspace/datasets/cremad/AudioWAV/1004_WSI_SAD_XX.wav,cremad,sad,happy,1,0.00539129517488035,0.5264665604827512,0.04998684469052916,0.4181552996518393
/workspace/datasets/cremad/AudioWAV/1005_DFA_ANG_XX.wav,cremad,angry,angry,0,0.9931593543874743,0.0013723279982024675,0.005229563078821795,0.00023875453550129867
/workspace/datasets/cremad/AudioWAV/1005_DFA_HAP_XX.wav,cremad,happy,angry,0,0.7428393011404627,0.12388958803135802,0.1320647973198102,0.0012063135083692396
/workspace/datasets/cremad/AudioWAV/1005_DFA_NEU_XX.wav,cremad,neutral,angry,0,0.46390205282265673,0.35813043714884085,0.1738915306753695,0.004075979353132988
/workspace/datasets/cremad/AudioWAV/1005_DFA_SAD_XX.wav,cremad,sad,happy,1,0.013481277910145986,0.8575895488808818,0.1019907333010206,0.02693843990795171
/workspace/datasets/cremad/AudioWAV/1005_IEO_ANG_HI.wav,cremad,angry,angry,0,0.9818864323205707,0.015801567087540408,0.002115463933010702,0.00019653665887816666
/workspace/datasets/cremad/AudioWAV/1005_IEO_ANG_LO.wav,cremad,angry,angry,0,0.5064068544168784,0.026307414934953487,0.46271188984483913,0.00457384080332907
/workspace/datasets/cremad/AudioWAV/1005_IEO_ANG_MD.wav,cremad,angry,angry,0,0.9736953858153495,0.005306632216250912,0.016807329598430593,0.004190652369968969
/workspace/datasets/cremad/AudioWAV/1005_IEO_HAP_HI.wav,cremad,happy,angry,0,0.8339220539847368,0.1316551666475629,0.015312398106498131,0.01911038126120212
/workspace/datasets/cremad/AudioWAV/1005_IEO_HAP_LO.wav,cremad,happy,happy,1,0.07786811231705729,0.548287372922265,0.05399684750357082,0.3198476672571068
/workspace/datasets/cremad/AudioWAV/1005_IEO_HAP_MD.wav,cremad,happy,happy,1,0.09642429582981832,0.3514544482248293,0.3449641316813971,0.2071571242639554
/workspace/datasets/cremad/AudioWAV/1005_IEO_NEU_XX.wav,cremad,neutral,sad,3,0.006740433915044988,0.40215809448845824,0.026415749161505,0.5646857224349918
/workspace/datasets/cremad/AudioWAV/1005_IEO_SAD_HI.wav,cremad,sad,happy,1,0.010367902893219552,0.903713176177023,0.04895394691823931,0.03696497401151828
/workspace/datasets/cremad/AudioWAV/1005_IEO_SAD_LO.wav,cremad,sad,happy,1,0.017509353763730532,0.6473209064915182,0.09185347777917023,0.24331626196558107
/workspace/datasets/cremad/AudioWAV/1005_IEO_SAD_MD.wav,cremad,sad,happy,1,0.031085581286449348,0.9602912709341602,0.003949611132704532,0.0046735366466856805
/workspace/datasets/cremad/AudioWAV/1005_IOM_ANG_XX.wav,cremad,angry,angry,0,0.9059399143451746,0.08380861683436029,0.008773708324550095,0.0014777604959149491
/workspace/datasets/cremad/AudioWAV/1005_IOM_HAP_XX.wav,cremad,happy,happy,1,0.24460521296767715,0.4870670041285883,0.20286729982549676,0.06546048307823786
/workspace/datasets/cremad/AudioWAV/1005_IOM_NEU_XX.wav,cremad,neutral,happy,1,0.012166570946252162,0.8446040891417825,0.13232538080536144,0.010903959106603777
/workspace/datasets/cremad/AudioWAV/1005_IOM_SAD_XX.wav,cremad,sad,happy,1,0.0020190015748369947,0.8717874889296059,0.1001385175779375,0.026054991917619688
/workspace/datasets/cremad/AudioWAV/1005_ITH_ANG_XX.wav,cremad,angry,angry,0,0.9765865604641163,0.005165713442712171,0.016409279747132435,0.001838446346038941
/workspace/datasets/cremad/AudioWAV/1005_ITH_HAP_XX.wav,cremad,happy,angry,0,0.7157082501194992,0.17272024880070064,0.1081914781765057,0.0033800229032943897
/workspace/datasets/cremad/AudioWAV/1005_ITH_NEU_XX.wav,cremad,neutral,angry,0,0.4998604917935109,0.34419957634591075,0.1445594099737804,0.011380521886797801
/workspace/datasets/cremad/AudioWAV/1005_ITH_SAD_XX.wav,cremad,sad,angry,0,0.520720791692278,0.29992384363469354,0.17010435721147535,0.009251007461553057
/workspace/datasets/cremad/AudioWAV/1005_ITS_ANG_XX.wav,cremad,angry,angry,0,0.948876419348567,0.04622269763851836,0.003925482496399681,0.0009754005165148743
/workspace/datasets/cremad/AudioWAV/1005_ITS_HAP_XX.wav,cremad,happy,angry,0,0.8719977217522922,0.07115200028166892,0.007839295022313798,0.049010982943725086
/workspace/datasets/cremad/AudioWAV/1005_ITS_NEU_XX.wav,cremad,neutral,angry,0,0.9122936406270457,0.06299925660783288,0.01828361453643984,0.0064234882286816645
/workspace/datasets/cremad/AudioWAV/1005_ITS_SAD_XX.wav,cremad,sad,angry,0,0.45770278974099216,0.42672358695575724,0.07334153670058155,0.04223208660266922
/workspace/datasets/cremad/AudioWAV/1005_IWL_ANG_XX.wav,cremad,angry,happy,1,0.16789793168478165,0.8098223531678505,0.021440374765197348,0.0008393403821706552
/workspace/datasets/cremad/AudioWAV/1005_IWL_HAP_XX.wav,cremad,happy,happy,1,0.43867347828857967,0.45874181003404546,0.07906026344908235,0.023524448228292465
/workspace/datasets/cremad/AudioWAV/1005_IWL_NEU_XX.wav,cremad,neutral,happy,1,0.08457807052054818,0.5478433350087017,0.164875062493425,0.20270353197732505
/workspace/datasets/cremad/AudioWAV/1005_IWL_SAD_XX.wav,cremad,sad,happy,1,0.0031522036194072643,0.8929916978809218,0.051570574040484665,0.05228552445918642
/workspace/datasets/cremad/AudioWAV/1005_IWW_ANG_XX.wav,cremad,angry,happy,1,0.17131919533160014,0.7783474927426942,0.036579961976637515,0.013753349949068055
/workspace/datasets/cremad/AudioWAV/1005_IWW_HAP_XX.wav,cremad,happy,happy,1,0.15303054886651032,0.6387579146572157,0.13854382123470954,0.06966771524156451
/workspace/datasets/cremad/AudioWAV/1005_IWW_NEU_XX.wav,cremad,neutral,happy,1,0.12631264419676838,0.5698109659656795,0.23796454969014522,0.06591184014740697
/workspace/datasets/cremad/AudioWAV/1005_IWW_SAD_XX.wav,cremad,sad,happy,1,0.2436899743200293,0.591599075761802,0.1241919461940439,0.0405190037241248
/workspace/datasets/cremad/AudioWAV/1005_MTI_ANG_XX.wav,cremad,angry,angry,0,0.7849199618578844,0.06363106288969508,0.1371872248683707,0.014261750384049757
/workspace/datasets/cremad/AudioWAV/1005_MTI_HAP_XX.wav,cremad,happy,angry,0,0.9684691820826129,0.022397344248073586,0.006119880334380063,0.0030135933349337046
/workspace/datasets/cremad/AudioWAV/1005_MTI_NEU_XX.wav,cremad,neutral,happy,1,0.02308287178381518,0.5376414554181739,0.40266442950632614,0.03661124329168482
/workspace/datasets/cremad/AudioWAV/1005_MTI_SAD_XX.wav,cremad,sad,happy,1,0.2043273398789523,0.5712151906095311,0.21869206819900686,0.005765401312509727
