file_path,dataset,label,pred_label,pred_label_enc,proba_angry,proba_happy,proba_neutral,proba_sad
/workspace/datasets/cremad/AudioWAV/1001_DFA_ANG_XX.wav,cremad,angry,neutral,2,0.34185743731798246,0.23724547206684934,0.343458642167394,0.07743844844777413
/workspace/datasets/cremad/AudioWAV/1001_DFA_HAP_XX.wav,cremad,happy,angry,0,0.4563850120467768,0.21178322984205333,0.2730258279302397,0.05880593018093019
/workspace/datasets/cremad/AudioWAV/1001_DFA_NEU_XX.wav,cremad,neutral,neutral,2,0.20649639603316067,0.2365215258597611,0.4631580965330965,0.09382398157398159
/workspace/datasets/cremad/AudioWAV/1001_DFA_SAD_XX.wav,cremad,sad,neutral,2,0.15054364365321452,0.26661535981400974,0.40057316433015555,0.18226783220262002
/workspace/datasets/cremad/AudioWAV/1001_IEO_ANG_HI.wav,cremad,angry,angry,0,0.5405282201458672,0.2391349940908764,0.18142286634933685,0.03891391941391941
/workspace/datasets/cremad/AudioWAV/1001_IEO_ANG_LO.wav,cremad,angry,neutral,2,0.19882317219817217,0.2722392058710844,0.43852941494165393,0.09040820698908936
/workspace/datasets/cremad/AudioWAV/1001_IEO_ANG_MD.wav,cremad,angry,angry,0,0.45168752081252095,0.2406510768643122,0.24786606449106446,0.05979533783210254
/workspace/datasets/cremad/AudioWAV/1001_IEO_HAP_HI.wav,cremad,happy,angry,0,0.5012576157502626,0.2624596668286847,0.1944611867582954,0.04182153066275698
/workspace/datasets/cremad/AudioWAV/1001_IEO_HAP_LO.wav,cremad,happy,neutral,2,0.2251832489406019,0.24441078202842909,0.45579267954267944,0.07461328948828948
/workspace/datasets/cremad/AudioWAV/1001_IEO_HAP_MD.wav,cremad,happy,angry,0,0.3718129844012197,0.19900670979347454,0.34739289599289597,0.08178740981240981
/workspace/datasets/cremad/AudioWAV/1001_IEO_NEU_XX.wav,cremad,neutral,neutral,2,0.14391347153111858,0.27740798640063336,0.4421163150133738,0.1365622270548741
/workspace/datasets/cremad/AudioWAV/1001_IEO_SAD_HI.wav,cremad,sad,neutral,2,0.11124138361638357,0.3008886596495291,0.43160286995613084,0.1562670867779563
/workspace/datasets/cremad/AudioWAV/1001_IEO_SAD_LO.wav,cremad,sad,neutral,2,0.08727537080405932,0.17167303147078627,0.46549793686554186,0.2755536608596124
/workspace/datasets/cremad/AudioWAV/1001_IEO_SAD_MD.wav,cremad,sad,neutral,2,0.09719561408792908,0.194847349240613,0.4599856711984321,0.2479713654730258
/workspace/datasets/cremad/AudioWAV/1001_IOM_ANG_XX.wav,cremad,angry,neutral,2,0.19718989126041772,0.25814394105509886,0.48009207490717387,0.0645740927773094
/workspace/datasets/cremad/AudioWAV/1001_IOM_HAP_XX.wav,cremad,happy,neutral,2,0.27695546120546116,0.33026986039486034,0.3309612140862142,0.06181346431346431
/workspace/datasets/cremad/AudioWAV/1001_IOM_NEU_XX.wav,cremad,neutral,neutral,2,0.13851737360481894,0.23668014896642442,0.5468318965085638,0.07797058092019295
/workspace/datasets/cremad/AudioWAV/1001_IOM_SAD_XX.wav,cremad,sad,neutral,2,0.11526701663582081,0.22503359795789987,0.5432725561829364,0.11642682922334277
/workspace/datasets/cremad/AudioWAV/1001_ITH_ANG_XX.wav,cremad,angry,angry,0,0.4053713383285983,0.2862029092828618,0.25904924606359025,0.04937650632494964
/workspace/datasets/cremad/AudioWAV/1001_ITH_HAP_XX.wav,cremad,happy,neutral,2,0.2998959928720499,0.3208272748246864,0.3359641126297727,0.043312619673491114
/workspace/datasets/cremad/AudioWAV/1001_ITH_NEU_XX.wav,cremad,neutral,neutral,2,0.19654296062700236,0.243245865359376,0.49145692391099305,0.06875425010262837
/workspace/datasets/cremad/AudioWAV/1001_ITH_SAD_XX.wav,cremad,sad,neutral,2,0.09450517891694363,0.17155202814378007,0.4471154926819889,0.28682730025728737
/workspace/datasets/cremad/AudioWAV/1001_ITS_ANG_XX.wav,cremad,angry,angry,0,0.37738675213675216,0.3270609602815487,0.238788628038628,0.056763659543071304
/workspace/datasets/cremad/AudioWAV/1001_ITS_HAP_XX.wav,cremad,happy,angry,0,0.4038873487623488,0.3120781302031303,0.21656969419469424,0.06746482683982684
/workspace/datasets/cremad/AudioWAV/1001_ITS_NEU_XX.wav,cremad,neutral,happy,1,0.22867221688011444,0.3695463035858944,0.28729780740407607,0.11448367212991506
/workspace/datasets/cremad/AudioWAV/1001_ITS_SAD_XX.wav,cremad,sad,neutral,2,0.14235661360566484,0.2511374423594537,0.38042409561764406,0.2260818484172374
/workspace/datasets/cremad/AudioWAV/1001_IWL_ANG_XX.wav,cremad,angry,angry,0,0.42160223110223105,0.2896602009102008,0.2516536519036519,0.03708391608391609
/workspace/datasets/cremad/AudioWAV/1001_IWL_HAP_XX.wav,cremad,happy,neutral,2,0.3278781073615047,0.2905589138362395,0.3436907271130974,0.03787225168915816
/workspace/datasets/cremad/AudioWAV/1001_IWL_NEU_XX.wav,cremad,neutral,neutral,2,0.21134753740959436,0.3427411356822677,0.4113577767781153,0.034553550130022224
/workspace/datasets/cremad/AudioWAV/1001_IWL_SAD_XX.wav,cremad,sad,neutral,2,0.1076966413964969,0.27326291038295447,0.5326269546533404,0.08641349356720827
/workspace/datasets/cremad/AudioWAV/1001_IWW_ANG_XX.wav,cremad,angry,angry,0,0.32914813142242805,0.2856722593618374,0.2904739815101067,0.09470562770562774
/workspace/datasets/cremad/AudioWAV/1001_IWW_HAP_XX.wav,cremad,happy,angry,0,0.4461970570279394,0.24417467499820433,0.24680095884507647,0.06282730912877972
/workspace/datasets/cremad/AudioWAV/1001_IWW_NEU_XX.wav,cremad,neutral,neutral,2,0.1344406110414689,0.2544702234186717,0.5032712946552739,0.10781787088458525
/workspace/datasets/cremad/AudioWAV/1001_IWW_SAD_XX.wav,cremad,sad,neutral,2,0.10903405826199945,0.19901703035526563,0.44193797868797885,0.25001093269475627
/workspace/datasets/cremad/AudioWAV/1001_MTI_ANG_XX.wav,cremad,angry,neutral,2,0.28018401794998476,0.3083207959051612,0.35472102774893494,0.056774158395918935
/workspace/datasets/cremad/AudioWAV/1001_MTI_HAP_XX.wav,cremad,happy,happy,1,0.33622522307441655,0.34552263605570066,0.269460756805918,0.048791384063964716
/workspace/datasets/cremad/AudioWAV/1001_MTI_NEU_XX.wav,cremad,neutral,neutral,2,0.28412441398470806,0.30322222630310863,0.35524947193329537,0.05740388777888777
/workspace/datasets/cremad/AudioWAV/1001_MTI_SAD_XX.wav,cremad,sad,neutral,2,0.17006596425709877,0.27095336143147664,0.4478265030047696,0.11115417130665486
/workspace/datasets/cremad/AudioWAV/1001_TAI_ANG_XX.wav,cremad,angry,angry,0,0.4536469014472656,0.3046615057192232,0.21083133334308193,0.03086025949042917
/workspace/datasets/cremad/AudioWAV/1001_TAI_HAP_XX.wav,cremad,happy,neutral,2,0.31637740037740036,0.30672992285492284,0.32630334942834943,0.05058932733932733
/workspace/datasets/cremad/AudioWAV/1001_TAI_NEU_XX.wav,cremad,neutral,neutral,2,0.2732898917735709,0.29873871971317567,0.38666894963209997,0.04130243888115361
/workspace/datasets/cremad/AudioWAV/1001_TAI_SAD_XX.wav,cremad,sad,neutral,2,0.11834945243552551,0.24781073379704155,0.4117621859964265,0.2220776277710064
/workspace/datasets/cremad/AudioWAV/1001_TIE_ANG_XX.wav,cremad,angry,neutral,2,0.2659856860217221,0.25533697677714945,0.42650585648430417,0.052171480716824335
/workspace/datasets/cremad/AudioWAV/1001_TIE_HAP_XX.wav,cremad,happy,angry,0,0.3886198744066391,0.2910516509634158,0.2771737298649063,0.04315474476503888
/workspace/datasets/cremad/AudioWAV/1001_TIE_NEU_XX.wav,cremad,neutral,neutral,2,0.2836327640808754,0.2232812040858584,0.39791839636119775,0.09516763547206836
/workspace/datasets/cremad/AudioWAV/1001_TIE_SAD_XX.wav,cremad,sad,neutral,2,0.0927085137085137,0.20426829384066228,0.3583027398040555,0.34472045264676837
/workspace/datasets/cremad/AudioWAV/1001_TSI_ANG_XX.wav,cremad,angry,angry,0,0.33479551863684986,0.31546509656494165,0.28637511834570656,0.06336426645250176
/workspace/datasets/cremad/AudioWAV/1001_TSI_HAP_XX.wav,cremad,happy,neutral,2,0.26667849745031447,0.23742281143703386,0.4119562169201775,0.08394247419247419
/workspace/datasets/cremad/AudioWAV/1001_TSI_NEU_XX.wav,cremad,neutral,neutral,2,0.23372527472527477,0.28871087246087246,0.38238147963147967,0.09518237318237319
/workspace/datasets/cremad/AudioWAV/1001_TSI_SAD_XX.wav,cremad,sad,neutral,2,0.1559153939687504,0.21066449349170133,0.3277385777892124,0.3056815347503358
/workspace/datasets/cremad/AudioWAV/1001_WSI_ANG_XX.wav,cremad,angry,angry,0,0.5136490429505135,0.22674438470026703,0.1996720379293908,0.05993453441982854
/workspace/datasets/cremad/AudioWAV/1001_WSI_HAP_XX.wav,cremad,happy,angry,0,0.48725885144267495,0.26335029268117494,0.18485572515719575,0.06453513071895425
/workspace/datasets/cremad/AudioWAV/1001_WSI_NEU_XX.wav,cremad,neutral,angry,0,0.35257528582528574,0.31313207625707623,0.2647598373848373,0.06953280053280053
/workspace/datasets/cremad/AudioWAV/1001_WSI_SAD_XX.wav,cremad,sad,neutral,2,0.2968641563239021,0.28879433890027106,0.3239404578804379,0.09040104689538886
/workspace/datasets/cremad/AudioWAV/1002_DFA_ANG_XX.wav,cremad,angry,angry,0,0.573559569515452,0.337367725411843,0.07573937173937174,0.013333333333333332
/workspace/datasets/cremad/AudioWAV/1002_DFA_HAP_XX.wav,cremad,happy,happy,1,0.3405314293549587,0.4445494407553231,0.1598345902463549,0.05508453964336317
/workspace/datasets/cremad/AudioWAV/1002_DFA_NEU_XX.wav,cremad,neutral,neutral,2,0.09698774973278043,0.20782371273559805,0.4768572653698077,0.21833127216181394
/workspace/datasets/cremad/AudioWAV/1002_DFA_SAD_XX.wav,cremad,sad,neutral,2,0.10019642557877852,0.23115994523192668,0.4415622512019572,0.2270813779873378
/workspace/datasets/cremad/AudioWAV/1002_IEO_ANG_HI.wav,cremad,angry,angry,0,0.5488776281190073,0.2856943726771312,0.14715864355950564,0.018269355644355646
/workspace/datasets/cremad/AudioWAV/1002_IEO_ANG_LO.wav,cremad,angry,angry,0,0.3995454042081949,0.35024520957079097,0.2194633544749824,0.030746031746031754
/workspace/datasets/cremad/AudioWAV/1002_IEO_ANG_MD.wav,cremad,angry,angry,0,0.6456522366522366,0.2409033189033189,0.10022150072150073,0.013222943722943723
/workspace/datasets/cremad/AudioWAV/1002_IEO_HAP_HI.wav,cremad,happy,angry,0,0.37226106654783125,0.33518602294290156,0.2426149873213441,0.049937923187923186
/workspace/datasets/cremad/AudioWAV/1002_IEO_HAP_LO.wav,cremad,happy,neutral,2,0.14086858274864683,0.22329076093887767,0.442614624775254,0.19322603153722132
/workspace/datasets/cremad/AudioWAV/1002_IEO_HAP_MD.wav,cremad,happy,angry,0,0.3803647879897879,0.25166456337779874,0.30754286807963266,0.060427780552780544
/workspace/datasets/cremad/AudioWAV/1002_IEO_NEU_XX.wav,cremad,neutral,neutral,2,0.11526644332837373,0.2400638812282109,0.3947151718093345,0.24995450363408106
/workspace/datasets/cremad/AudioWAV/1002_IEO_SAD_HI.wav,cremad,sad,neutral,2,0.03589508530685001,0.152646867021867,0.5293644966144968,0.2820935510567864
/workspace/datasets/cremad/AudioWAV/1002_IEO_SAD_LO.wav,cremad,sad,neutral,2,0.08828697119873588,0.16826900958518604,0.4158920940170941,0.3275519251989841
/workspace/datasets/cremad/AudioWAV/1002_IEO_SAD_MD.wav,cremad,sad,neutral,2,0.09474392077456655,0.1637138821256643,0.5313786209537712,0.210163576145998
/workspace/datasets/cremad/AudioWAV/1002_IOM_ANG_XX.wav,cremad,angry,angry,0,0.5577856032856032,0.3061653265035618,0.11411941653118124,0.02192965367965368
/workspace/datasets/cremad/AudioWAV/1002_IOM_HAP_XX.wav,cremad,happy,neutral,2,0.27154090354090354,0.3061436063936064,0.3332391636141636,0.08907632645132642
/workspace/datasets/cremad/AudioWAV/1002_IOM_NEU_XX.wav,cremad,neutral,neutral,2,0.15201904822695897,0.25781196151899005,0.4281090869967501,0.16205990325730077
/workspace/datasets/cremad/AudioWAV/1002_IOM_SAD_XX.wav,cremad,sad,neutral,2,0.09311913468769477,0.18895755566355857,0.5504155264163039,0.16750778323244261
/workspace/datasets/cremad/AudioWAV/1002_ITH_ANG_XX.wav,cremad,angry,angry,0,0.6010873570873569,0.25451455080866847,0.12420199245199241,0.020196099651982
/workspace/datasets/cremad/AudioWAV/1002_ITH_HAP_XX.wav,cremad,happy,angry,0,0.4538972269560505,0.33815841511429745,0.1835843502902326,0.024360007639419402
/workspace/datasets/cremad/AudioWAV/1002_ITH_NEU_XX.wav,cremad,neutral,neutral,2,0.14845772636949106,0.2340441502941503,0.4371501102383455,0.18034801309801307
/workspace/datasets/cremad/AudioWAV/1002_ITH_SAD_XX.wav,cremad,sad,neutral,2,0.1560521602580426,0.17785233230821462,0.4108537361331479,0.25524177130059483
/workspace/datasets/cremad/AudioWAV/1002_ITS_ANG_XX.wav,cremad,angry,angry,0,0.3408389048089044,0.32153184344571606,0.24181248760631624,0.09581676413906334
/workspace/datasets/cremad/AudioWAV/1002_ITS_HAP_XX.wav,cremad,happy,angry,0,0.4552072177822178,0.34098768339503627,0.1730354451104451,0.030769653712300768
/workspace/datasets/cremad/AudioWAV/1002_ITS_NEU_XX.wav,cremad,neutral,neutral,2,0.14087380892527948,0.22236651720816267,0.4194732845868279,0.21728638927972999
/workspace/datasets/cremad/AudioWAV/1002_ITS_SAD_XX.wav,cremad,sad,neutral,2,0.12063333888333887,0.21714641077876368,0.34046935417523655,0.32175089616266084
/workspace/datasets/cremad/AudioWAV/1002_IWL_ANG_XX.wav,cremad,angry,happy,1,0.2975899873371409,0.3769753666636969,0.275535544204899,0.04989910179426307
/workspace/datasets/cremad/AudioWAV/1002_IWL_HAP_XX.wav,cremad,happy,happy,1,0.2924962770204706,0.3549691956282035,0.30192080074520733,0.05061372660611857
/workspace/datasets/cremad/AudioWAV/1002_IWL_NEU_XX.wav,cremad,neutral,neutral,2,0.15639769305945778,0.2901411658470482,0.39021665097400393,0.16324449011949013
/workspace/datasets/cremad/AudioWAV/1002_IWL_SAD_XX.wav,cremad,sad,neutral,2,0.12709542494868598,0.21015314350654685,0.5027191653014333,0.16003226624333386
/workspace/datasets/cremad/AudioWAV/1002_IWW_ANG_XX.wav,cremad,angry,angry,0,0.5908726387991092,0.2622649474708298,0.1278588911088911,0.01900352262116968
/workspace/datasets/cremad/AudioWAV/1002_IWW_HAP_XX.wav,cremad,happy,angry,0,0.4366437426952134,0.34471098169975883,0.17637297274448976,0.04227230286053816
/workspace/datasets/cremad/AudioWAV/1002_IWW_NEU_XX.wav,cremad,neutral,neutral,2,0.13680742705007412,0.25860619935619933,0.40521451342774883,0.19937186016597774
/workspace/datasets/cremad/AudioWAV/1002_IWW_SAD_XX.wav,cremad,sad,neutral,2,0.12074959986250305,0.2014386553799213,0.49327209461263033,0.18453965014494528
/workspace/datasets/cremad/AudioWAV/1002_MTI_ANG_XX.wav,cremad,angry,neutral,2,0.33421203907746416,0.24300287788051406,0.3803820373501133,0.042403045691908565
/workspace/datasets/cremad/AudioWAV/1002_MTI_HAP_XX.wav,cremad,happy,angry,0,0.36904969664838105,0.29860506525638103,0.25857972582972577,0.07376551226551227
/workspace/datasets/cremad/AudioWAV/1002_MTI_NEU_XX.wav,cremad,neutral,neutral,2,0.14099002706283323,0.24705750065320933,0.4067402682766712,0.205212204007286
/workspace/datasets/cremad/AudioWAV/1002_MTI_SAD_XX.wav,cremad,sad,neutral,2,0.13866309507485977,0.15668231537194388,0.5238509020126668,0.18080368754052958
/workspace/datasets/cremad/AudioWAV/1002_TAI_ANG_XX.wav,cremad,angry,angry,0,0.5049861437582025,0.2959034209254797,0.16463821309409543,0.034472222222222224
/workspace/datasets/cremad/AudioWAV/1002_TAI_HAP_XX.wav,cremad,happy,angry,0,0.6556549868260396,0.20328723323460177,0.11810954761612655,0.022948232323232322
/workspace/datasets/cremad/AudioWAV/1002_TAI_NEU_XX.wav,cremad,neutral,neutral,2,0.12229657270833741,0.18482989232989233,0.3696652432534786,0.32320829170829185
/workspace/datasets/cremad/AudioWAV/1002_TAI_SAD_XX.wav,cremad,sad,neutral,2,0.13825964262848667,0.18183131175709835,0.5189674336088496,0.16094161200556548
/workspace/datasets/cremad/AudioWAV/1002_TIE_ANG_XX.wav,cremad,angry,angry,0,0.7000325507825507,0.200280701324819,0.08243306693306693,0.017253680959563315
/workspace/datasets/cremad/AudioWAV/1002_TIE_HAP_XX.wav,cremad,happy,angry,0,0.517492187551011,0.33495758816347054,0.12462313829960887,0.022927085985909514
/workspace/datasets/cremad/AudioWAV/1002_TIE_SAD_XX.wav,cremad,sad,angry,0,0.3990997890997891,0.32933302808302806,0.2339115051615051,0.03765567765567765
/workspace/datasets/cremad/AudioWAV/1002_TSI_ANG_XX.wav,cremad,angry,angry,0,0.4356463602187287,0.3536094906555432,0.18280626756284651,0.02793788156288157
/workspace/datasets/cremad/AudioWAV/1002_TSI_HAP_XX.wav,cremad,happy,angry,0,0.4031600066600066,0.3475981795981795,0.2046350038850039,0.044606809856809856
/workspace/datasets/cremad/AudioWAV/1002_TSI_NEU_XX.wav,cremad,neutral,neutral,2,0.12679203149791385,0.24555052300640526,0.3628261248555368,0.2648313206401442
/workspace/datasets/cremad/AudioWAV/1002_TSI_SAD_XX.wav,cremad,sad,neutral,2,0.15490917920463373,0.23548677866993373,0.34016012463472356,0.26944391749070884
/workspace/datasets/cremad/AudioWAV/1002_WSI_ANG_XX.wav,cremad,angry,angry,0,0.601874721683545,0.24073206532030067,0.1195339480780657,0.03785926491808845
/workspace/datasets/cremad/AudioWAV/1002_WSI_HAP_XX.wav,cremad,happy,angry,0,0.3924025663878604,0.35637369982958217,0.18986122211122203,0.0613625116713352
/workspace/datasets/cremad/AudioWAV/1002_WSI_NEU_XX.wav,cremad,neutral,neutral,2,0.2042542226292226,0.25266451106545446,0.3790621261163715,0.16401914018895147
/workspace/datasets/cremad/AudioWAV/1002_WSI_SAD_XX.wav,cremad,sad,neutral,2,0.1815320692379515,0.29032263977852213,0.3016203861497979,0.22652490483372836
/workspace/datasets/cremad/AudioWAV/1003_DFA_ANG_XX.wav,cremad,angry,angry,0,0.631082746501864,0.24877124264624267,0.10181862989951228,0.018327380952380953
/workspace/datasets/cremad/AudioWAV/1003_DFA_HAP_XX.wav,cremad,happy,angry,0,0.44680035242535254,0.3042702158952159,0.2222113858363858,0.026718045843045844
/workspace/datasets/cremad/AudioWAV/1003_DFA_NEU_XX.wav,cremad,neutral,neutral,2,0.22943100831916624,0.28110648196832394,0.3522144938394938,0.13724801587301586
/workspace/datasets/cremad/AudioWAV/1003_DFA_SAD_XX.wav,cremad,sad,neutral,2,0.11191267590338795,0.19604368700614824,0.42398233465880536,0.2680613024316585
/workspace/datasets/cremad/AudioWAV/1003_IEO_ANG_HI.wav,cremad,angry,angry,0,0.4017272731568395,0.3672264360166838,0.20898814635656734,0.02205814446990918
/workspace/datasets/cremad/AudioWAV/1003_IEO_ANG_LO.wav,cremad,angry,angry,0,0.38699135586635586,0.3544105061605061,0.20736470473970478,0.05123343323343324
/workspace/datasets/cremad/AudioWAV/1003_IEO_ANG_MD.wav,cremad,angry,angry,0,0.6061120648357489,0.27146280473912054,0.09063486513486514,0.03179026529026529
/workspace/datasets/cremad/AudioWAV/1003_IEO_HAP_HI.wav,cremad,happy,neutral,2,0.24216931292326963,0.3027640701168464,0.39240874096179434,0.06265787599808967
/workspace/datasets/cremad/AudioWAV/1003_IEO_HAP_LO.wav,cremad,happy,neutral,2,0.17141186783672333,0.2432820011559299,0.44628431981642147,0.13902181119092544
/workspace/datasets/cremad/AudioWAV/1003_IEO_HAP_MD.wav,cremad,happy,angry,0,0.3243641949932918,0.3193702517249543,0.30120296309416356,0.055062590187590195
/workspace/datasets/cremad/AudioWAV/1003_IEO_NEU_XX.wav,cremad,neutral,neutral,2,0.1123126846176733,0.23253277813514753,0.5178068979135,0.13734763933367924
/workspace/datasets/cremad/AudioWAV/1003_IEO_SAD_HI.wav,cremad,sad,neutral,2,0.044825757575757574,0.15949783549783553,0.4634166666666667,0.3322597402597403
/workspace/datasets/cremad/AudioWAV/1003_IEO_SAD_LO.wav,cremad,sad,neutral,2,0.046110250860250855,0.16283375834691627,0.4532005217005217,0.3378554690923112
/workspace/datasets/cremad/AudioWAV/1003_IEO_SAD_MD.wav,cremad,sad,neutral,2,0.06555084601718819,0.16377902652902654,0.47911552946960995,0.2915545979841754
/workspace/datasets/cremad/AudioWAV/1003_IOM_ANG_XX.wav,cremad,angry,happy,1,0.4214037424993306,0.44946720844514976,0.09375946112710817,0.03536958792841146
/workspace/datasets/cremad/AudioWAV/1003_IOM_HAP_XX.wav,cremad,happy,happy,1,0.20915419512575706,0.3977751703552308,0.3532495613378998,0.03982107318111221
/workspace/datasets/cremad/AudioWAV/1003_IOM_NEU_XX.wav,cremad,neutral,neutral,2,0.3003336798934798,0.30587536972982415,0.32752534750712237,0.06626560286957364
/workspace/datasets/cremad/AudioWAV/1003_IOM_SAD_XX.wav,cremad,sad,neutral,2,0.054594559785013014,0.14347084746361508,0.5415088783982228,0.2604257143531493
/workspace/datasets/cremad/AudioWAV/1003_ITH_ANG_XX.wav,cremad,angry,angry,0,0.5480367965367965,0.2719360712387029,0.16501450596187436,0.01501262626262626
/workspace/datasets/cremad/AudioWAV/1003_ITH_HAP_XX.wav,cremad,happy,neutral,2,0.32708716934731796,0.28722722997900013,0.34768569089238194,0.037999909781299926
/workspace/datasets/cremad/AudioWAV/1003_ITH_NEU_XX.wav,cremad,neutral,neutral,2,0.3154089856222209,0.31913404138472795,0.32793294146901963,0.03752403152403152
/workspace/datasets/cremad/AudioWAV/1003_ITH_SAD_XX.wav,cremad,sad,neutral,2,0.100991497685781,0.23537171737790935,0.3972679052585955,0.2663688796777141
/workspace/datasets/cremad/AudioWAV/1003_ITS_ANG_XX.wav,cremad,angry,angry,0,0.5868221223221223,0.28091713841713845,0.09558598346098343,0.0366747557997558
/workspace/datasets/cremad/AudioWAV/1003_ITS_HAP_XX.wav,cremad,happy,happy,1,0.2948069168770501,0.34380892722052697,0.2753059371751669,0.0860782187272559
/workspace/datasets/cremad/AudioWAV/1003_ITS_NEU_XX.wav,cremad,neutral,neutral,2,0.17014547314903106,0.25119699794723505,0.38271999262596984,0.19593753627776397
/workspace/datasets/cremad/AudioWAV/1003_ITS_SAD_XX.wav,cremad,sad,sad,3,0.07435892682526898,0.22011846766993826,0.3370223126925696,0.3685002928122232
/workspace/datasets/cremad/AudioWAV/1003_IWL_ANG_XX.wav,cremad,angry,angry,0,0.7405984848484849,0.17093127705627706,0.058566017316017314,0.029904220779220784
/workspace/datasets/cremad/AudioWAV/1003_IWL_HAP_XX.wav,cremad,happy,happy,1,0.36563384266325444,0.37832518175537827,0.21651319855359016,0.03952777702777702
/workspace/datasets/cremad/AudioWAV/1003_IWL_NEU_XX.wav,cremad,neutral,happy,1,0.1796924526061877,0.38848889619985594,0.3884446992047226,0.04337395198923373
/workspace/datasets/cremad/AudioWAV/1003_IWL_SAD_XX.wav,cremad,sad,neutral,2,0.10246966335396218,0.2678006625386803,0.49453735894878065,0.13519231515857696
/workspace/datasets/cremad/AudioWAV/1003_IWW_ANG_XX.wav,cremad,angry,angry,0,0.4694206324721031,0.4002467157025981,0.09514181488446193,0.03519083694083694
/workspace/datasets/cremad/AudioWAV/1003_IWW_HAP_XX.wav,cremad,happy,angry,0,0.5073873251361642,0.29666266841460337,0.17059971784894387,0.025350288600288602
/workspace/datasets/cremad/AudioWAV/1003_IWW_NEU_XX.wav,cremad,neutral,neutral,2,0.14152280690613356,0.2884442043996373,0.4290212886888956,0.14101170000533328
/workspace/datasets/cremad/AudioWAV/1003_IWW_SAD_XX.wav,cremad,sad,neutral,2,0.0914005618037876,0.15362764128134143,0.5833423762617312,0.17162942065313985
/workspace/datasets/cremad/AudioWAV/1003_MTI_ANG_XX.wav,cremad,angry,angry,0,0.5535045616148558,0.3320178155178155,0.07644190858161445,0.03803571428571429
/workspace/datasets/cremad/AudioWAV/1003_MTI_HAP_XX.wav,cremad,happy,angry,0,0.3244493471591862,0.3002787415354553,0.31749756844080196,0.057774342864556495
/workspace/datasets/cremad/AudioWAV/1003_MTI_NEU_XX.wav,cremad,neutral,neutral,2,0.17077902081578553,0.2780719925499337,0.3981411292955411,0.15300785733873964
/workspace/datasets/cremad/AudioWAV/1003_MTI_SAD_XX.wav,cremad,sad,neutral,2,0.13681684023292356,0.23446465838196165,0.43777361767145406,0.19094488371366083
/workspace/datasets/cremad/AudioWAV/1003_TAI_ANG_XX.wav,cremad,angry,angry,0,0.6856993978243979,0.22808602508602513,0.06236825674325676,0.023846320346320348
/workspace/datasets/cremad/AudioWAV/1003_TAI_HAP_XX.wav,cremad,happy,angry,0,0.42541354478854465,0.294427614052614,0.2221135947385947,0.058045246420246416
/workspace/datasets/cremad/AudioWAV/1003_TAI_NEU_XX.wav,cremad,neutral,happy,1,0.27984659693743574,0.343320102335828,0.3014617404359722,0.07537156029076413
/workspace/datasets/cremad/AudioWAV/1003_TAI_SAD_XX.wav,cremad,sad,neutral,2,0.23085449694409094,0.3034052900766423,0.36291724094330413,0.10282297203596272
/workspace/datasets/cremad/AudioWAV/1003_TIE_ANG_XX.wav,cremad,angry,angry,0,0.6223404476198596,0.2590873957785723,0.09816829249182188,0.020403864109746463
/workspace/datasets/cremad/AudioWAV/1003_TIE_HAP_XX.wav,cremad,happy,neutral,2,0.1910562437562437,0.2586607651600299,0.43565287412370746,0.1146301169600189
/workspace/datasets/cremad/AudioWAV/1003_TIE_NEU_XX.wav,cremad,neutral,neutral,2,0.2723263925616867,0.2617405731523378,0.39333557496425137,0.07259745932172403
/workspace/datasets/cremad/AudioWAV/1003_TIE_SAD_XX.wav,cremad,sad,neutral,2,0.07148467219055453,0.25013096217507974,0.3392767236909027,0.3391076419434629
/workspace/datasets/cremad/AudioWAV/1003_TSI_ANG_XX.wav,cremad,angry,angry,0,0.32693636363636375,0.29766955136366896,0.2821030621339446,0.09329102286602284
/workspace/datasets/cremad/AudioWAV/1003_TSI_HAP_XX.wav,cremad,happy,neutral,2,0.1508361638361638,0.27953565878565867,0.33176923076923065,0.23785894660894663
/workspace/datasets/cremad/AudioWAV/1003_TSI_NEU_XX.wav,cremad,neutral,neutral,2,0.16430673100881826,0.22438500030435513,0.44192684410782124,0.16938142457900518
/workspace/datasets/cremad/AudioWAV/1003_TSI_SAD_XX.wav,cremad,sad,neutral,2,0.1319114774114774,0.17843589743589738,0.4294927572427571,0.26015986790986795
/workspace/datasets/cremad/AudioWAV/1003_WSI_ANG_XX.wav,cremad,angry,angry,0,0.6601022829509671,0.23739589942221528,0.07635192585192585,0.026149891774891777
/workspace/datasets/cremad/AudioWAV/1003_WSI_HAP_XX.wav,cremad,happy,angry,0,0.4253203944679204,0.32359993203658177,0.18005915696689612,0.07102051652860158
/workspace/datasets/cremad/AudioWAV/1003_WSI_NEU_XX.wav,cremad,neutral,neutral,2,0.19711857580635606,0.3067375321123672,0.3503562561372507,0.14578763594402605
/workspace/datasets/cremad/AudioWAV/1003_WSI_SAD_XX.wav,cremad,sad,neutral,2,0.1428790457908104,0.23913928226577777,0.36577140308022654,0.2522102688631851
/workspace/datasets/cremad/AudioWAV/1004_DFA_ANG_XX.wav,cremad,angry,angry,0,0.6011634615384612,0.26252798590298587,0.1110393217893218,0.02526923076923077
/workspace/datasets/cremad/AudioWAV/1004_DFA_HAP_XX.wav,cremad,happy,angry,0,0.40641705984933535,0.29907375781253487,0.25115278142909714,0.043356400909032485
/workspace/datasets/cremad/AudioWAV/1004_DFA_NEU_XX.wav,cremad,neutral,neutral,2,0.2122065573868914,0.3139821372130694,0.32328036339975513,0.15053094200028394
/workspace/datasets/cremad/AudioWAV/1004_DFA_SAD_XX.wav,cremad,sad,sad,3,0.08330762293262292,0.18332332662629278,0.3014612336254127,0.4319078168156716
/workspace/datasets/cremad/AudioWAV/1004_IEO_ANG_HI.wav,cremad,angry,angry,0,0.5212753321240164,0.36690901131032716,0.08422835497835496,0.027587301587301587
/workspace/datasets/cremad/AudioWAV/1004_IEO_ANG_LO.wav,cremad,angry,angry,0,0.5530857198357197,0.2723786630036629,0.15835434010434016,0.016181277056277053
/workspace/datasets/cremad/AudioWAV/1004_IEO_ANG_MD.wav,cremad,angry,angry,0,0.5594809634809635,0.3349998057498058,0.09499542124542128,0.010523809523809524
/workspace/datasets/cremad/AudioWAV/1004_IEO_HAP_HI.wav,cremad,happy,angry,0,0.5851629204129206,0.334036852036852,0.05411757686757687,0.026682650682650685
/workspace/datasets/cremad/AudioWAV/1004_IEO_HAP_LO.wav,cremad,happy,neutral,2,0.11249284540926498,0.24645498945498942,0.3455674139714169,0.2954847511643286
/workspace/datasets/cremad/AudioWAV/1004_IEO_HAP_MD.wav,cremad,happy,angry,0,0.3497356525827114,0.31062049747637976,0.3033167095284244,0.03632714041248439
/workspace/datasets/cremad/AudioWAV/1004_IEO_NEU_XX.wav,cremad,neutral,neutral,2,0.0998842987078281,0.21135848900943233,0.5270573361630518,0.16169987611968742
/workspace/datasets/cremad/AudioWAV/1004_IEO_SAD_HI.wav,cremad,sad,neutral,2,0.09845091020091021,0.1449608681652025,0.3955992977610625,0.3609889238728248
/workspace/datasets/cremad/AudioWAV/1004_IEO_SAD_LO.wav,cremad,sad,neutral,2,0.07938161838161838,0.175369560994561,0.4355181068931071,0.30973071373071376
/workspace/datasets/cremad/AudioWAV/1004_IEO_SAD_MD.wav,cremad,sad,sad,3,0.07679058149452887,0.2190099638665428,0.33848305583305577,0.3657163988058724
/workspace/datasets/cremad/AudioWAV/1004_IOM_ANG_XX.wav,cremad,angry,angry,0,0.40488006323741615,0.2960602459631872,0.23903277327247918,0.060026917526917536
/workspace/datasets/cremad/AudioWAV/1004_IOM_HAP_XX.wav,cremad,happy,angry,0,0.4149311048428696,0.27324519802093333,0.2826991639896052,0.029124533146591962
/workspace/datasets/cremad/AudioWAV/1004_IOM_NEU_XX.wav,cremad,neutral,neutral,2,0.1081882716956246,0.1977152186478811,0.3592274915229248,0.3348690181335692
/workspace/datasets/cremad/AudioWAV/1004_IOM_SAD_XX.wav,cremad,sad,neutral,2,0.0897787031273982,0.25975753086782505,0.43680547432867245,0.21365829167610445
/workspace/datasets/cremad/AudioWAV/1004_ITH_ANG_XX.wav,cremad,angry,angry,0,0.6165259879009879,0.25533593234251134,0.10824540298882405,0.019892676767676767
/workspace/datasets/cremad/AudioWAV/1004_ITH_HAP_XX.wav,cremad,happy,neutral,2,0.2576068971877795,0.27247556038732496,0.29782779883515176,0.17208974358974352
/workspace/datasets/cremad/AudioWAV/1004_ITH_NEU_XX.wav,cremad,neutral,neutral,2,0.1783293484857175,0.25018834701293435,0.4086375018337565,0.16284480266759147
/workspace/datasets/cremad/AudioWAV/1004_ITH_SAD_XX.wav,cremad,sad,neutral,2,0.0861861888111888,0.23865879953379956,0.3750849428349429,0.3000700688200688
/workspace/datasets/cremad/AudioWAV/1004_ITS_ANG_XX.wav,cremad,angry,angry,0,0.5636751500133852,0.29226654309742545,0.10495657528745764,0.0391017316017316
/workspace/datasets/cremad/AudioWAV/1004_ITS_HAP_XX.wav,cremad,happy,neutral,2,0.18800273092920147,0.3204365641787368,0.35154869188740157,0.14001201300466004
/workspace/datasets/cremad/AudioWAV/1004_ITS_NEU_XX.wav,cremad,neutral,neutral,2,0.21448038731513308,0.28817874615967826,0.3576785820112091,0.1396622845139794
/workspace/datasets/cremad/AudioWAV/1004_ITS_SAD_XX.wav,cremad,sad,neutral,2,0.10657398157398154,0.26157902941571665,0.32219893341952166,0.30964805559077996
/workspace/datasets/cremad/AudioWAV/1004_IWL_ANG_XX.wav,cremad,angry,angry,0,0.7272278869778869,0.19795276570276574,0.06410704573204573,0.010712301587301586
/workspace/datasets/cremad/AudioWAV/1004_IWL_HAP_XX.wav,cremad,happy,happy,1,0.28773087370146194,0.4308235261470555,0.25696677342265584,0.024478826728826727
/workspace/datasets/cremad/AudioWAV/1004_IWL_NEU_XX.wav,cremad,neutral,neutral,2,0.2148549192554641,0.2932970658518512,0.4152420012138819,0.0766060136788025
/workspace/datasets/cremad/AudioWAV/1004_IWL_SAD_XX.wav,cremad,sad,angry,0,0.35401143986732214,0.31663311848110615,0.2687890948061225,0.06056634684544901
/workspace/datasets/cremad/AudioWAV/1004_IWW_ANG_XX.wav,cremad,angry,angry,0,0.4020960517617732,0.24242348994538393,0.2937576464136409,0.06172281187920201
/workspace/datasets/cremad/AudioWAV/1004_IWW_HAP_XX.wav,cremad,happy,neutral,2,0.12857921163803512,0.276219363969364,0.32837971832089485,0.266821706071706
/workspace/datasets/cremad/AudioWAV/1004_IWW_NEU_XX.wav,cremad,neutral,neutral,2,0.14192124300819953,0.22982253917579995,0.4142883386742082,0.21396787914179208
/workspace/datasets/cremad/AudioWAV/1004_IWW_SAD_XX.wav,cremad,sad,sad,3,0.04810127353085099,0.18993737634914104,0.37344146415583873,0.38851988596416936
/workspace/datasets/cremad/AudioWAV/1004_MTI_ANG_XX.wav,cremad,angry,angry,0,0.42617909225277634,0.3058498121761279,0.20856869241869241,0.05940240315240316
/workspace/datasets/cremad/AudioWAV/1004_MTI_HAP_XX.wav,cremad,happy,neutral,2,0.10029545495558269,0.21335541435161928,0.45218890035868275,0.2341602303341152
/workspace/datasets/cremad/AudioWAV/1004_MTI_NEU_XX.wav,cremad,neutral,neutral,2,0.1515014846264846,0.25250310814126603,0.4145203355203354,0.18147507171191382
/workspace/datasets/cremad/AudioWAV/1004_MTI_SAD_XX.wav,cremad,sad,sad,3,0.09657972582972583,0.20769941169941167,0.34640312302077014,0.3493177394500924
/workspace/datasets/cremad/AudioWAV/1004_TAI_ANG_XX.wav,cremad,angry,angry,0,0.5244934232434231,0.2563837726600885,0.1599319671556513,0.05919083694083693
/workspace/datasets/cremad/AudioWAV/1004_TAI_HAP_XX.wav,cremad,happy,neutral,2,0.12171940836940837,0.19365725108225107,0.43307905574817335,0.2515442848001672
/workspace/datasets/cremad/AudioWAV/1004_TAI_NEU_XX.wav,cremad,neutral,neutral,2,0.1824200774715481,0.29096689584924873,0.40814221073044604,0.11847081594875711
/workspace/datasets/cremad/AudioWAV/1004_TAI_SAD_XX.wav,cremad,sad,sad,3,0.10076648025177434,0.2216065282756459,0.3290403314006255,0.34858666007195427
/workspace/datasets/cremad/AudioWAV/1004_TIE_ANG_XX.wav,cremad,angry,angry,0,0.7258216105789635,0.18746189023394905,0.06610126719685544,0.02061523199023199
/workspace/datasets/cremad/AudioWAV/1004_TIE_HAP_XX.wav,cremad,happy,angry,0,0.40652335295423525,0.3620102453102452,0.19827196300431588,0.03319443873120344
/workspace/datasets/cremad/AudioWAV/1004_TIE_NEU_XX.wav,cremad,neutral,neutral,2,0.16657177037668996,0.26383341997805165,0.3786345961333758,0.19096021351188278
/workspace/datasets/cremad/AudioWAV/1004_TIE_SAD_XX.wav,cremad,sad,neutral,2,0.07107707570207568,0.23189060041265921,0.38303502053502053,0.31399730335024445
/workspace/datasets/cremad/AudioWAV/1004_TSI_ANG_XX.wav,cremad,angry,angry,0,0.5339468507320941,0.2611460543907299,0.16064949376181623,0.04425760111535973
/workspace/datasets/cremad/AudioWAV/1004_TSI_HAP_XX.wav,cremad,happy,neutral,2,0.2433534644014454,0.26094783554594037,0.34189818040775255,0.1538005196448616
/workspace/datasets/cremad/AudioWAV/1004_TSI_NEU_XX.wav,cremad,neutral,neutral,2,0.27070193158234956,0.2916667861292474,0.2958152264402264,0.14181605584817658
/workspace/datasets/cremad/AudioWAV/1004_TSI_SAD_XX.wav,cremad,sad,sad,3,0.1131425241425241,0.1928307248307248,0.33806660006659994,0.35596015096015093
/workspace/datasets/cremad/AudioWAV/1004_WSI_ANG_XX.wav,cremad,angry,angry,0,0.5324362198688823,0.34017427309532566,0.10475314339942822,0.02263636363636363
/workspace/datasets/cremad/AudioWAV/1004_WSI_HAP_XX.wav,cremad,happy,angry,0,0.6050193809458516,0.2520403109961933,0.12470047844312546,0.018239829614829613
/workspace/datasets/cremad/AudioWAV/1004_WSI_NEU_XX.wav,cremad,neutral,angry,0,0.35058214097981344,0.2577498159176116,0.33448911842736506,0.057178924675209845
/workspace/datasets/cremad/AudioWAV/1004_WSI_SAD_XX.wav,cremad,sad,sad,3,0.08205974580974582,0.18830106881422673,0.34227591852591843,0.38736326685010886
/workspace/datasets/cremad/AudioWAV/1005_DFA_ANG_XX.wav,cremad,angry,angry,0,0.5263865023865024,0.3380216866466867,0.11494498556998554,0.020646825396825396
/workspace/datasets/cremad/AudioWAV/1005_DFA_HAP_XX.wav,cremad,happy,angry,0,0.4448860167610168,0.306397755022755,0.22260550560550563,0.026110722610722618
/workspace/datasets/cremad/AudioWAV/1005_DFA_NEU_XX.wav,cremad,neutral,angry,0,0.3589184902992281,0.2685641816342258,0.3060502531678152,0.06646707489873079
/workspace/datasets/cremad/AudioWAV/1005_DFA_SAD_XX.wav,cremad,sad,neutral,2,0.07147687119917798,0.2438837970482301,0.4658104734721297,0.2188288582804622
/workspace/datasets/cremad/AudioWAV/1005_IEO_ANG_HI.wav,cremad,angry,angry,0,0.5833841991341991,0.31070274170274165,0.07916901154401156,0.02674404761904762
/workspace/datasets/cremad/AudioWAV/1005_IEO_ANG_LO.wav,cremad,angry,neutral,2,0.1798388337174735,0.2613802411844609,0.44415564253690704,0.11462528256115867
/workspace/datasets/cremad/AudioWAV/1005_IEO_ANG_MD.wav,cremad,angry,angry,0,0.32388633465257954,0.3156168742338372,0.28463532668038616,0.0758614644331969
/workspace/datasets/cremad/AudioWAV/1005_IEO_HAP_HI.wav,cremad,happy,angry,0,0.4744064423687647,0.27530192419142724,0.18205809002244092,0.06823354341736694
/workspace/datasets/cremad/AudioWAV/1005_IEO_HAP_LO.wav,cremad,happy,neutral,2,0.11243068043068039,0.20093914418914416,0.3953733488733489,0.29125682650682644
/workspace/datasets/cremad/AudioWAV/1005_IEO_HAP_MD.wav,cremad,happy,neutral,2,0.2236223134780396,0.2093902092853626,0.39699020207535946,0.16999727516123836
/workspace/datasets/cremad/AudioWAV/1005_IEO_NEU_XX.wav,cremad,neutral,neutral,2,0.08191111666111667,0.20186211011211008,0.45295340770340786,0.26327336552336555
/workspace/datasets/cremad/AudioWAV/1005_IEO_SAD_HI.wav,cremad,sad,neutral,2,0.0943664829793862,0.1937969548372774,0.4853082822195728,0.22652827996376376
/workspace/datasets/cremad/AudioWAV/1005_IEO_SAD_LO.wav,cremad,sad,neutral,2,0.06890040515040514,0.1670704778313474,0.4126561083843693,0.35137300863387827
/workspace/datasets/cremad/AudioWAV/1005_IEO_SAD_MD.wav,cremad,sad,neutral,2,0.13883920553348883,0.13976108102423893,0.4504459906750711,0.2709537227672011
/workspace/datasets/cremad/AudioWAV/1005_IOM_ANG_XX.wav,cremad,angry,angry,0,0.5194672730650991,0.32421872270241836,0.13290491332339158,0.023409090909090907
/workspace/datasets/cremad/AudioWAV/1005_IOM_HAP_XX.wav,cremad,happy,happy,1,0.2962650029708853,0.4025250541941719,0.22495200877553814,0.07625793405940466
/workspace/datasets/cremad/AudioWAV/1005_IOM_NEU_XX.wav,cremad,neutral,neutral,2,0.06695724882864265,0.2593844947074603,0.5389652083007668,0.1346930481631301
/workspace/datasets/cremad/AudioWAV/1005_IOM_SAD_XX.wav,cremad,sad,neutral,2,0.06429014258198901,0.22254804072645648,0.5283180718848817,0.1848437448066731
/workspace/datasets/cremad/AudioWAV/1005_ITH_ANG_XX.wav,cremad,angry,angry,0,0.508872925332671,0.2801044732104055,0.1749020529846801,0.03612054847224339
/workspace/datasets/cremad/AudioWAV/1005_ITH_HAP_XX.wav,cremad,happy,happy,1,0.35687871265433885,0.3659696366393381,0.24182461841349048,0.035327032292832565
/workspace/datasets/cremad/AudioWAV/1005_ITH_NEU_XX.wav,cremad,neutral,neutral,2,0.2479696222168462,0.2838883460748764,0.425223486410321,0.04291854529795662
/workspace/datasets/cremad/AudioWAV/1005_ITH_SAD_XX.wav,cremad,sad,neutral,2,0.1648643337309358,0.261676407405248,0.4485824271271113,0.12487683173670476
/workspace/datasets/cremad/AudioWAV/1005_ITS_ANG_XX.wav,cremad,angry,happy,1,0.3215835324805913,0.41511139187609764,0.17447293637734812,0.0888321392659628
/workspace/datasets/cremad/AudioWAV/1005_ITS_HAP_XX.wav,cremad,happy,angry,0,0.48513696683433516,0.3240546508874682,0.13460765326864396,0.05620072900955253
/workspace/datasets/cremad/AudioWAV/1005_ITS_NEU_XX.wav,cremad,neutral,neutral,2,0.2696392391222408,0.2880670026060744,0.3602727580225363,0.08202100024914864
/workspace/datasets/cremad/AudioWAV/1005_ITS_SAD_XX.wav,cremad,sad,neutral,2,0.207593028105715,0.3042822211231917,0.35810651702021834,0.13001823375087496
/workspace/datasets/cremad/AudioWAV/1005_IWL_ANG_XX.wav,cremad,angry,angry,0,0.46242287683170036,0.30968120484885187,0.19805365022717963,0.0298422680922681
/workspace/datasets/cremad/AudioWAV/1005_IWL_HAP_XX.wav,cremad,happy,angry,0,0.38358480860336847,0.3118561906520831,0.2717505145298756,0.032808486214672826
/workspace/datasets/cremad/AudioWAV/1005_IWL_NEU_XX.wav,cremad,neutral,neutral,2,0.14742317175363787,0.3363132223061294,0.42203106115103284,0.09423254478919965
/workspace/datasets/cremad/AudioWAV/1005_IWL_SAD_XX.wav,cremad,sad,neutral,2,0.07548241088976383,0.24160397636521277,0.499472739897884,0.18344087284713964
/workspace/datasets/cremad/AudioWAV/1005_IWW_ANG_XX.wav,cremad,angry,happy,1,0.14930551111338589,0.3166011355290292,0.3131074269921518,0.22098592636543302
/workspace/datasets/cremad/AudioWAV/1005_IWW_HAP_XX.wav,cremad,happy,neutral,2,0.17119635185076354,0.23794136148153633,0.41523826158216054,0.17562402508553962
/workspace/datasets/cremad/AudioWAV/1005_IWW_NEU_XX.wav,cremad,neutral,neutral,2,0.12098766899812881,0.23018532304818215,0.5414196663079466,0.10740734164574263
/workspace/datasets/cremad/AudioWAV/1005_IWW_SAD_XX.wav,cremad,sad,neutral,2,0.16271449830828394,0.1471689992960866,0.5159103914393288,0.17420611095630067
/workspace/datasets/cremad/AudioWAV/1005_MTI_ANG_XX.wav,cremad,angry,angry,0,0.3544910636748873,0.35388420550038185,0.2506599105143223,0.04096482031040853
/workspace/datasets/cremad/AudioWAV/1005_MTI_HAP_XX.wav,cremad,happy,angry,0,0.3503152059066747,0.3443234675660703,0.2720075765970329,0.03335374993022203
/workspace/datasets/cremad/AudioWAV/1005_MTI_NEU_XX.wav,cremad,neutral,neutral,2,0.08000492997263527,0.1832697772249752,0.5003839284477898,0.23634136435459965
/workspace/datasets/cremad/AudioWAV/1005_MTI_SAD_XX.wav,cremad,sad,neutral,2,0.10035502488938013,0.23938884046919104,0.5424609967435186,0.11779513789790999
/workspace/datasets/cremad/AudioWAV/1005_TAI_ANG_XX.wav,cremad,angry,angry,0,0.4189090664237723,0.34017424895366083,0.18240626530332407,0.05851041931924284
/workspace/datasets/cremad/AudioWAV/1005_TAI_HAP_XX.wav,cremad,happy,neutral,2,0.11595784770784771,0.25241067266067263,0.44198390498390494,0.1896475746475746
