file_path,dataset,label,pred_label,pred_label_enc,proba_angry,proba_happy,proba_neutral,proba_sad
/workspace/datasets/cremad/AudioWAV/1001_DFA_ANG_XX.wav,cremad,angry,neutral,2,0.26879517546875786,0.19737914888410715,0.4015235222009309,0.13230215344620408
/workspace/datasets/cremad/AudioWAV/1001_DFA_HAP_XX.wav,cremad,happy,neutral,2,0.332619540110196,0.13153351848684336,0.5358469414029607,0.0
/workspace/datasets/cremad/AudioWAV/1001_DFA_NEU_XX.wav,cremad,neutral,neutral,2,0.1997994726689107,0.20064602849043708,0.4002116407245696,0.19934285811608268
/workspace/datasets/cremad/AudioWAV/1001_DFA_SAD_XX.wav,cremad,sad,sad,3,0.19850947553958362,0.1334470477046847,0.13226056039159761,0.535782916364134
/workspace/datasets/cremad/AudioWAV/1001_IEO_ANG_HI.wav,cremad,angry,angry,0,0.4031479715708436,0.20631546463014605,0.32582163025636435,0.06471493354264607
/workspace/datasets/cremad/AudioWAV/1001_IEO_ANG_LO.wav,cremad,angry,neutral,2,0.06782414451651027,0.19720898408322282,0.6680958350050274,0.06687103639523942
/workspace/datasets/cremad/AudioWAV/1001_IEO_ANG_MD.wav,cremad,angry,angry,0,0.5354874753393323,0.3980017225240403,0.06651080213662747,0.0
/workspace/datasets/cremad/AudioWAV/1001_IEO_HAP_HI.wav,cremad,happy,angry,0,0.39772702562141365,0.32970360499593987,0.2725693693826466,0.0
/workspace/datasets/cremad/AudioWAV/1001_IEO_HAP_LO.wav,cremad,happy,neutral,2,0.3323331223041699,0.1981130566579998,0.4695538210378303,0.0
/workspace/datasets/cremad/AudioWAV/1001_IEO_HAP_MD.wav,cremad,happy,neutral,2,0.26917284540577546,0.32975987835950865,0.4010672762347159,0.0
/workspace/datasets/cremad/AudioWAV/1001_IEO_NEU_XX.wav,cremad,neutral,sad,3,0.27265112772215677,0.13213826378750368,0.26193237213825155,0.33327823635208814
/workspace/datasets/cremad/AudioWAV/1001_IEO_SAD_HI.wav,cremad,sad,angry,0,0.39645035737398476,0.19849044091289758,0.06665082863128281,0.3384083730818349
/workspace/datasets/cremad/AudioWAV/1001_IEO_SAD_LO.wav,cremad,sad,sad,3,0.1319513511689814,0.1323090597405164,0.06588261421865518,0.669856974871847
/workspace/datasets/cremad/AudioWAV/1001_IEO_SAD_MD.wav,cremad,sad,sad,3,0.1295814226818017,0.06544753112087517,0.1339543960887847,0.6710166501085385
/workspace/datasets/cremad/AudioWAV/1001_IOM_ANG_XX.wav,cremad,angry,neutral,2,0.13461435110318368,0.19456331144232183,0.4720702980939316,0.19875203936056285
/workspace/datasets/cremad/AudioWAV/1001_IOM_HAP_XX.wav,cremad,happy,neutral,2,0.2022471143844829,0.13224661726244136,0.5967878932758892,0.06871837507718652
/workspace/datasets/cremad/AudioWAV/1001_IOM_NEU_XX.wav,cremad,neutral,neutral,2,0.06534178659854284,0.26755213884368745,0.5354720414406114,0.13163403311715807
/workspace/datasets/cremad/AudioWAV/1001_IOM_SAD_XX.wav,cremad,sad,neutral,2,0.06653975772590118,0.13626132631114002,0.53125780035293,0.2659411156100287
/workspace/datasets/cremad/AudioWAV/1001_ITH_ANG_XX.wav,cremad,angry,angry,0,0.4001942040517246,0.2677623795426012,0.26651246589610367,0.06553095050957058
/workspace/datasets/cremad/AudioWAV/1001_ITH_HAP_XX.wav,cremad,happy,angry,0,0.40270474648587706,0.1965186631000613,0.40077659041406166,0.0
/workspace/datasets/cremad/AudioWAV/1001_ITH_NEU_XX.wav,cremad,neutral,happy,1,0.19938200190556118,0.33591299946374525,0.33444462899303384,0.13026036963765966
/workspace/datasets/cremad/AudioWAV/1001_ITH_SAD_XX.wav,cremad,sad,sad,3,0.0,0.26215432618737483,0.0654844648611684,0.6723612089514568
/workspace/datasets/cremad/AudioWAV/1001_ITS_ANG_XX.wav,cremad,angry,neutral,2,0.1317279159708698,0.2684432311266532,0.532929942101879,0.06689891080059807
/workspace/datasets/cremad/AudioWAV/1001_ITS_HAP_XX.wav,cremad,happy,neutral,2,0.1355315132585978,0.1307549859135193,0.6666753274860816,0.0670381733418013
/workspace/datasets/cremad/AudioWAV/1001_ITS_NEU_XX.wav,cremad,neutral,angry,0,0.26902796496870346,0.26599601472013085,0.2668760755060744,0.19809994480509124
/workspace/datasets/cremad/AudioWAV/1001_ITS_SAD_XX.wav,cremad,sad,angry,0,0.39748761944693317,0.2016543778061215,0.13356891700326215,0.2672890857436831
/workspace/datasets/cremad/AudioWAV/1001_IWL_ANG_XX.wav,cremad,angry,happy,1,0.26512809984777863,0.5320298102293646,0.20284208992285682,0.0
/workspace/datasets/cremad/AudioWAV/1001_IWL_HAP_XX.wav,cremad,happy,happy,1,0.13089571242362238,0.4585448123692187,0.4105594752071588,0.0
/workspace/datasets/cremad/AudioWAV/1001_IWL_NEU_XX.wav,cremad,neutral,neutral,2,0.0,0.46462505967644185,0.5353749403235581,0.0
/workspace/datasets/cremad/AudioWAV/1001_IWL_SAD_XX.wav,cremad,sad,neutral,2,0.0,0.2067460435921851,0.5966701533522994,0.19658380305551543
/workspace/datasets/cremad/AudioWAV/1001_IWW_ANG_XX.wav,cremad,angry,happy,1,0.3316152830581211,0.33336081680811175,0.26983527835286275,0.0651886217809044
/workspace/datasets/cremad/AudioWAV/1001_IWW_HAP_XX.wav,cremad,happy,happy,1,0.2683017071722613,0.39888493128376334,0.26719198602353067,0.06562137552044467
/workspace/datasets/cremad/AudioWAV/1001_IWW_NEU_XX.wav,cremad,neutral,angry,0,0.33797448378968076,0.26926890112657365,0.2605224810288938,0.1322341340548518
/workspace/datasets/cremad/AudioWAV/1001_IWW_SAD_XX.wav,cremad,sad,sad,3,0.19895849464291412,0.0653354087328,0.20000761260602387,0.535698484018262
/workspace/datasets/cremad/AudioWAV/1001_MTI_ANG_XX.wav,cremad,angry,angry,0,0.4639313458161053,0.20417321077937245,0.3318954434045223,0.0
/workspace/datasets/cremad/AudioWAV/1001_MTI_HAP_XX.wav,cremad,happy,happy,1,0.27014224511030627,0.46407341683503767,0.19817271355159866,0.06761162450305747
/workspace/datasets/cremad/AudioWAV/1001_MTI_NEU_XX.wav,cremad,neutral,neutral,2,0.26735172293149134,0.26503205265518903,0.4676162244133197,0.0
/workspace/datasets/cremad/AudioWAV/1001_MTI_SAD_XX.wav,cremad,sad,neutral,2,0.19789898860254526,0.19693684794322067,0.6051641634542341,0.0
/workspace/datasets/cremad/AudioWAV/1001_TAI_ANG_XX.wav,cremad,angry,happy,1,0.26858559116401093,0.5330673608633316,0.19834704797265745,0.0
/workspace/datasets/cremad/AudioWAV/1001_TAI_HAP_XX.wav,cremad,happy,neutral,2,0.20271412893472585,0.3971633101435651,0.40012256092170895,0.0
/workspace/datasets/cremad/AudioWAV/1001_TAI_NEU_XX.wav,cremad,neutral,neutral,2,0.3288583967140735,0.20347275055281597,0.4024045317435873,0.0652643209895233
/workspace/datasets/cremad/AudioWAV/1001_TAI_SAD_XX.wav,cremad,sad,sad,3,0.19822836489602905,0.2646786513955316,0.1345028257300297,0.4025901579784097
/workspace/datasets/cremad/AudioWAV/1001_TIE_ANG_XX.wav,cremad,angry,happy,1,0.3286529132096275,0.33365060718286677,0.26730199711619174,0.0703944824913142
/workspace/datasets/cremad/AudioWAV/1001_TIE_HAP_XX.wav,cremad,happy,neutral,2,0.4043982105562862,0.13305786648751652,0.4625439229561973,0.0
/workspace/datasets/cremad/AudioWAV/1001_TIE_NEU_XX.wav,cremad,neutral,neutral,2,0.2020382099124491,0.13596801485895527,0.4636392014064276,0.19835457382216792
/workspace/datasets/cremad/AudioWAV/1001_TIE_SAD_XX.wav,cremad,sad,sad,3,0.2644531493989065,0.20166012634655875,0.1311498903906955,0.4027368338638393
/workspace/datasets/cremad/AudioWAV/1001_TSI_ANG_XX.wav,cremad,angry,neutral,2,0.0635182283185226,0.26914921271661746,0.5382570559663825,0.12907550299847736
/workspace/datasets/cremad/AudioWAV/1001_TSI_HAP_XX.wav,cremad,happy,neutral,2,0.19859894770882966,0.06760164633147227,0.7337994059596981,0.0
/workspace/datasets/cremad/AudioWAV/1001_TSI_NEU_XX.wav,cremad,neutral,neutral,2,0.0,0.3276249403943137,0.6064349193491674,0.06594014025651881
/workspace/datasets/cremad/AudioWAV/1001_TSI_SAD_XX.wav,cremad,sad,sad,3,0.26490073758478605,0.26868670025771146,0.0,0.4664125621575025
/workspace/datasets/cremad/AudioWAV/1001_WSI_ANG_XX.wav,cremad,angry,angry,0,0.46486267813525195,0.39993338179719556,0.1352039400675525,0.0
/workspace/datasets/cremad/AudioWAV/1001_WSI_HAP_XX.wav,cremad,happy,neutral,2,0.33147812749159006,0.26754080897297516,0.4009810635354347,0.0
/workspace/datasets/cremad/AudioWAV/1001_WSI_NEU_XX.wav,cremad,neutral,happy,1,0.2653710644963537,0.46732931754319323,0.26729961796045304,0.0
/workspace/datasets/cremad/AudioWAV/1001_WSI_SAD_XX.wav,cremad,sad,angry,0,0.3332487185821534,0.26567501454280434,0.2686000258041309,0.13247624107091138
/workspace/datasets/cremad/AudioWAV/1002_DFA_ANG_XX.wav,cremad,angry,angry,0,0.6008626199912216,0.2662347335460177,0.1329026464627608,0.0
/workspace/datasets/cremad/AudioWAV/1002_DFA_HAP_XX.wav,cremad,happy,happy,1,0.2638511467983358,0.33127953733556975,0.26825035861636726,0.13661895724972709
/workspace/datasets/cremad/AudioWAV/1002_DFA_NEU_XX.wav,cremad,neutral,sad,3,0.0668683710270551,0.2671401434861872,0.1352334670742682,0.5307580184124896
/workspace/datasets/cremad/AudioWAV/1002_DFA_SAD_XX.wav,cremad,sad,sad,3,0.06609398444045257,0.13170227965227993,0.13687056197250735,0.6653331739347601
/workspace/datasets/cremad/AudioWAV/1002_IEO_ANG_HI.wav,cremad,angry,angry,0,0.5316402713518611,0.13496697239558336,0.3333927562525556,0.0
/workspace/datasets/cremad/AudioWAV/1002_IEO_ANG_LO.wav,cremad,angry,angry,0,0.46427138721691336,0.19689426129961052,0.3388343514834761,0.0
/workspace/datasets/cremad/AudioWAV/1002_IEO_ANG_MD.wav,cremad,angry,angry,0,0.8005773264825337,0.1318348731115729,0.06758780040589348,0.0
/workspace/datasets/cremad/AudioWAV/1002_IEO_HAP_HI.wav,cremad,happy,angry,0,0.3978127148815128,0.1997830604661908,0.33645510331276973,0.06594912133952666
/workspace/datasets/cremad/AudioWAV/1002_IEO_HAP_LO.wav,cremad,happy,sad,3,0.12998623261062414,0.2008746671743156,0.2653772517423092,0.4037618484727511
/workspace/datasets/cremad/AudioWAV/1002_IEO_HAP_MD.wav,cremad,happy,angry,0,0.5316187459697501,0.13545251762334717,0.266875731740625,0.06605300466627756
/workspace/datasets/cremad/AudioWAV/1002_IEO_NEU_XX.wav,cremad,neutral,sad,3,0.13365796674892264,0.13792779746630957,0.26702519720251144,0.4613890385822564
/workspace/datasets/cremad/AudioWAV/1002_IEO_SAD_HI.wav,cremad,sad,sad,3,0.0,0.13218703048767058,0.0672293016158573,0.8005836678964721
/workspace/datasets/cremad/AudioWAV/1002_IEO_SAD_LO.wav,cremad,sad,sad,3,0.0,0.13112529072718404,0.13121547519399607,0.7376592340788198
/workspace/datasets/cremad/AudioWAV/1002_IEO_SAD_MD.wav,cremad,sad,sad,3,0.0,0.2626172454509945,0.13266363868309003,0.6047191158659154
/workspace/datasets/cremad/AudioWAV/1002_IOM_ANG_XX.wav,cremad,angry,angry,0,0.4691943258835458,0.46558130474550435,0.0,0.06522436937094983
/workspace/datasets/cremad/AudioWAV/1002_IOM_HAP_XX.wav,cremad,happy,neutral,2,0.1989310311062159,0.335510440920144,0.4655585279736401,0.0
/workspace/datasets/cremad/AudioWAV/1002_IOM_NEU_XX.wav,cremad,neutral,happy,1,0.0,0.4001829616149724,0.26426429654347144,0.3355527418415561
/workspace/datasets/cremad/AudioWAV/1002_IOM_SAD_XX.wav,cremad,sad,neutral,2,0.0,0.3349828232902538,0.39603148935804866,0.26898568735169753
/workspace/datasets/cremad/AudioWAV/1002_ITH_ANG_XX.wav,cremad,angry,angry,0,0.4618435373045688,0.13377138501272565,0.4043850776827056,0.0
/workspace/datasets/cremad/AudioWAV/1002_ITH_HAP_XX.wav,cremad,happy,neutral,2,0.2673528568621331,0.26538537649164545,0.4672617666462215,0.0
/workspace/datasets/cremad/AudioWAV/1002_ITH_NEU_XX.wav,cremad,neutral,sad,3,0.06770461674331543,0.20141910596163148,0.2654413482451948,0.4654349290498583
/workspace/datasets/cremad/AudioWAV/1002_ITH_SAD_XX.wav,cremad,sad,sad,3,0.20103397177413662,0.19932734564649857,0.1996051335193692,0.4000335490599956
/workspace/datasets/cremad/AudioWAV/1002_ITS_ANG_XX.wav,cremad,angry,happy,1,0.3394833524640396,0.4617801331603086,0.13210524059765874,0.0666312737779931
/workspace/datasets/cremad/AudioWAV/1002_ITS_HAP_XX.wav,cremad,happy,angry,0,0.5319753944191313,0.1301719988613658,0.27058615702594224,0.0672664496935607
/workspace/datasets/cremad/AudioWAV/1002_ITS_NEU_XX.wav,cremad,neutral,sad,3,0.13391247036056902,0.2630447031650167,0.2663040398561361,0.3367387866182781
/workspace/datasets/cremad/AudioWAV/1002_ITS_SAD_XX.wav,cremad,sad,sad,3,0.0,0.20368692415774414,0.1330333592657869,0.663279716576469
/workspace/datasets/cremad/AudioWAV/1002_IWL_ANG_XX.wav,cremad,angry,neutral,2,0.2687322621847654,0.3308477115235145,0.4004200262917201,0.0
/workspace/datasets/cremad/AudioWAV/1002_IWL_HAP_XX.wav,cremad,happy,neutral,2,0.2674600049985601,0.26706905518550955,0.4654709398159304,0.0
/workspace/datasets/cremad/AudioWAV/1002_IWL_NEU_XX.wav,cremad,neutral,neutral,2,0.0,0.2705217073342533,0.4647559705143697,0.2647223221513771
/workspace/datasets/cremad/AudioWAV/1002_IWL_SAD_XX.wav,cremad,sad,sad,3,0.0,0.2647092332232772,0.3432604023405544,0.39203036443616845
/workspace/datasets/cremad/AudioWAV/1002_IWW_ANG_XX.wav,cremad,angry,angry,0,0.5977535504574845,0.1333400990222271,0.26890635052028844,0.0
/workspace/datasets/cremad/AudioWAV/1002_IWW_HAP_XX.wav,cremad,happy,angry,0,0.5963235287874484,0.19836785187829906,0.1388251854435656,0.06648343389068695
/workspace/datasets/cremad/AudioWAV/1002_IWW_NEU_XX.wav,cremad,neutral,sad,3,0.13353602909045997,0.1988258586334244,0.26346227991807547,0.4041758323580401
/workspace/datasets/cremad/AudioWAV/1002_IWW_SAD_XX.wav,cremad,sad,sad,3,0.2641626117041421,0.19880453050738567,0.13547702013023263,0.40155583765823955
/workspace/datasets/cremad/AudioWAV/1002_MTI_ANG_XX.wav,cremad,angry,neutral,2,0.12893734974798385,0.1319394268939838,0.7391232233580324,0.0
/workspace/datasets/cremad/AudioWAV/1002_MTI_HAP_XX.wav,cremad,happy,angry,0,0.3339493571507559,0.1331214895551072,0.2690382294886666,0.2638909238054703
/workspace/datasets/cremad/AudioWAV/1002_MTI_NEU_XX.wav,cremad,neutral,neutral,2,0.06863987725096474,0.32786626161263677,0.3351617431676229,0.2683321179687755
/workspace/datasets/cremad/AudioWAV/1002_MTI_SAD_XX.wav,cremad,sad,sad,3,0.1316936730101269,0.2669219738954222,0.2073700047509443,0.3940143483435066
/workspace/datasets/cremad/AudioWAV/1002_TAI_ANG_XX.wav,cremad,angry,angry,0,0.4652292182887708,0.2640647741041054,0.2707060076071238,0.0
/workspace/datasets/cremad/AudioWAV/1002_TAI_HAP_XX.wav,cremad,happy,angry,0,0.4659480115048348,0.19687481937334514,0.2706611567617994,0.06651601236002073
/workspace/datasets/cremad/AudioWAV/1002_TAI_NEU_XX.wav,cremad,neutral,sad,3,0.06605879164374005,0.20008541351353795,0.13160386756895479,0.6022519272737672
/workspace/datasets/cremad/AudioWAV/1002_TAI_SAD_XX.wav,cremad,sad,neutral,2,0.2677754055011144,0.2682674132116074,0.3316795809766275,0.13227760031065086
/workspace/datasets/cremad/AudioWAV/1002_TIE_ANG_XX.wav,cremad,angry,angry,0,0.47169122695802285,0.1984695344346534,0.32983923860732384,0.0
/workspace/datasets/cremad/AudioWAV/1002_TIE_HAP_XX.wav,cremad,happy,neutral,2,0.13632469477878517,0.3940206964111183,0.40153469526134244,0.06811991354875406
/workspace/datasets/cremad/AudioWAV/1002_TIE_SAD_XX.wav,cremad,sad,neutral,2,0.20730892509529356,0.19571547222706537,0.596975602677641,0.0
/workspace/datasets/cremad/AudioWAV/1002_TSI_ANG_XX.wav,cremad,angry,neutral,2,0.2702912566857486,0.26234574360723434,0.46736299970701717,0.0
/workspace/datasets/cremad/AudioWAV/1002_TSI_HAP_XX.wav,cremad,happy,neutral,2,0.3324125694883105,0.20004347999585614,0.46754395051583336,0.0
/workspace/datasets/cremad/AudioWAV/1002_TSI_NEU_XX.wav,cremad,neutral,angry,0,0.40332151413875394,0.13458320881515784,0.19707655143809322,0.2650187256079951
/workspace/datasets/cremad/AudioWAV/1002_TSI_SAD_XX.wav,cremad,sad,angry,0,0.4653126613168182,0.07035461828861492,0.19608592814357112,0.26824679225099574
/workspace/datasets/cremad/AudioWAV/1002_WSI_ANG_XX.wav,cremad,angry,angry,0,0.4726747404380055,0.19876360136477977,0.3285616581972147,0.0
/workspace/datasets/cremad/AudioWAV/1002_WSI_HAP_XX.wav,cremad,happy,neutral,2,0.33149648058732,0.20225858115591053,0.3998898317258713,0.0663551065308982
/workspace/datasets/cremad/AudioWAV/1002_WSI_NEU_XX.wav,cremad,neutral,angry,0,0.33551463107157153,0.3281738102100169,0.13183224586020556,0.204479312858206
/workspace/datasets/cremad/AudioWAV/1002_WSI_SAD_XX.wav,cremad,sad,angry,0,0.26995485017638055,0.26564119547754017,0.1979635970062117,0.2664403573398676
/workspace/datasets/cremad/AudioWAV/1003_DFA_ANG_XX.wav,cremad,angry,angry,0,0.47137458745357874,0.39634898348213465,0.1322764290642867,0.0
/workspace/datasets/cremad/AudioWAV/1003_DFA_HAP_XX.wav,cremad,happy,angry,0,0.45991920650440177,0.2635206317912374,0.2765601617043608,0.0
/workspace/datasets/cremad/AudioWAV/1003_DFA_NEU_XX.wav,cremad,neutral,neutral,2,0.3308125359617679,0.2663773889221576,0.3314103952639598,0.07139967985211466
/workspace/datasets/cremad/AudioWAV/1003_DFA_SAD_XX.wav,cremad,sad,sad,3,0.0,0.32997240756973495,0.0706915271406407,0.5993360652896242
/workspace/datasets/cremad/AudioWAV/1003_IEO_ANG_HI.wav,cremad,angry,angry,0,0.53897934308488,0.06532505966961696,0.39569559724550296,0.0
/workspace/datasets/cremad/AudioWAV/1003_IEO_ANG_LO.wav,cremad,angry,neutral,2,0.20185149777845054,0.1318460021264446,0.5351200551340116,0.13118244496109324
/workspace/datasets/cremad/AudioWAV/1003_IEO_ANG_MD.wav,cremad,angry,happy,1,0.3308658396639599,0.40096189212667355,0.1343675884205641,0.1338046797888023
/workspace/datasets/cremad/AudioWAV/1003_IEO_HAP_HI.wav,cremad,happy,neutral,2,0.3999732146650509,0.13339806551772868,0.4012255939661084,0.06540312585111202
/workspace/datasets/cremad/AudioWAV/1003_IEO_HAP_LO.wav,cremad,happy,angry,0,0.4638254196719082,0.2678633732829202,0.13381236366073126,0.13449884338444038
/workspace/datasets/cremad/AudioWAV/1003_IEO_HAP_MD.wav,cremad,happy,happy,1,0.13298998145076704,0.4658580636433238,0.40115195490590916,0.0
/workspace/datasets/cremad/AudioWAV/1003_IEO_NEU_XX.wav,cremad,neutral,neutral,2,0.26245605200455574,0.2697498659313,0.33601794228966014,0.13177613977448407
/workspace/datasets/cremad/AudioWAV/1003_IEO_SAD_HI.wav,cremad,sad,sad,3,0.0,0.06608123599913689,0.13249575084738838,0.8014230131534748
/workspace/datasets/cremad/AudioWAV/1003_IEO_SAD_LO.wav,cremad,sad,sad,3,0.0,0.06705771037302717,0.1959456610983686,0.7369966285286043
/workspace/datasets/cremad/AudioWAV/1003_IEO_SAD_MD.wav,cremad,sad,sad,3,0.0,0.2632461659168716,0.13407972678595725,0.6026741072971711
/workspace/datasets/cremad/AudioWAV/1003_IOM_ANG_XX.wav,cremad,angry,happy,1,0.2688554141497153,0.4011914601776187,0.3299531256726659,0.0
/workspace/datasets/cremad/AudioWAV/1003_IOM_HAP_XX.wav,cremad,happy,neutral,2,0.19794865127290462,0.06587413631481875,0.7361772124122766,0.0
/workspace/datasets/cremad/AudioWAV/1003_IOM_NEU_XX.wav,cremad,neutral,neutral,2,0.33387471129275964,0.20033998658325333,0.4657853021239871,0.0
/workspace/datasets/cremad/AudioWAV/1003_IOM_SAD_XX.wav,cremad,sad,sad,3,0.0,0.26180053149071064,0.13895713786831676,0.5992423306409725
/workspace/datasets/cremad/AudioWAV/1003_ITH_ANG_XX.wav,cremad,angry,happy,1,0.20458665616385874,0.4662091219598645,0.32920422187627657,0.0
/workspace/datasets/cremad/AudioWAV/1003_ITH_HAP_XX.wav,cremad,happy,neutral,2,0.06568240863809963,0.3328593090864872,0.601458282275413,0.0
/workspace/datasets/cremad/AudioWAV/1003_ITH_NEU_XX.wav,cremad,neutral,neutral,2,0.19557065659641656,0.2672987004865144,0.537130642917069,0.0
/workspace/datasets/cremad/AudioWAV/1003_ITH_SAD_XX.wav,cremad,sad,sad,3,0.06491750567599833,0.20219445152537702,0.2671626084239403,0.4657254343746844
/workspace/datasets/cremad/AudioWAV/1003_ITS_ANG_XX.wav,cremad,angry,angry,0,0.6023738096297998,0.13199947828884728,0.2656267120813529,0.0
/workspace/datasets/cremad/AudioWAV/1003_ITS_HAP_XX.wav,cremad,happy,angry,0,0.33028659002148125,0.266499160650756,0.2689672643713403,0.13424698495642248
/workspace/datasets/cremad/AudioWAV/1003_ITS_NEU_XX.wav,cremad,neutral,sad,3,0.0647768949794907,0.2634695861620599,0.32905544665793335,0.3426980722005161
/workspace/datasets/cremad/AudioWAV/1003_ITS_SAD_XX.wav,cremad,sad,sad,3,0.0,0.26679027082543644,0.20614645410149568,0.5270632750730678
/workspace/datasets/cremad/AudioWAV/1003_IWL_ANG_XX.wav,cremad,angry,happy,1,0.4011569355095869,0.4662542069756103,0.06652684146877826,0.06606201604602438
/workspace/datasets/cremad/AudioWAV/1003_IWL_HAP_XX.wav,cremad,happy,neutral,2,0.33753166878763924,0.13098293490437712,0.5314853963079836,0.0
/workspace/datasets/cremad/AudioWAV/1003_IWL_NEU_XX.wav,cremad,neutral,happy,1,0.26738862076119696,0.5329947859928195,0.19961659324598363,0.0
/workspace/datasets/cremad/AudioWAV/1003_IWL_SAD_XX.wav,cremad,sad,neutral,2,0.0,0.3294806730968059,0.3365444533131268,0.3339748735900673
/workspace/datasets/cremad/AudioWAV/1003_IWW_ANG_XX.wav,cremad,angry,happy,1,0.1988228600471137,0.6644783580286345,0.13669878192425178,0.0
/workspace/datasets/cremad/AudioWAV/1003_IWW_HAP_XX.wav,cremad,happy,neutral,2,0.3313152711575686,0.2617799122359466,0.3379786258614851,0.06892619074499991
/workspace/datasets/cremad/AudioWAV/1003_IWW_NEU_XX.wav,cremad,neutral,neutral,2,0.13092646456449472,0.26826678215668176,0.33558628051164935,0.2652204727671741
/workspace/datasets/cremad/AudioWAV/1003_IWW_SAD_XX.wav,cremad,sad,sad,3,0.06657610268393024,0.1311419693651279,0.2067850659913336,0.5954968619596083
/workspace/datasets/cremad/AudioWAV/1003_MTI_ANG_XX.wav,cremad,angry,angry,0,0.603135663901469,0.2649203711852155,0.06544866952627992,0.06649529538703561
/workspace/datasets/cremad/AudioWAV/1003_MTI_HAP_XX.wav,cremad,happy,neutral,2,0.19901879255475488,0.26142149889887417,0.5395597085463709,0.0
/workspace/datasets/cremad/AudioWAV/1003_MTI_NEU_XX.wav,cremad,neutral,sad,3,0.13548282017768362,0.2025478629847334,0.32682960375605,0.3351397130815329
/workspace/datasets/cremad/AudioWAV/1003_MTI_SAD_XX.wav,cremad,sad,neutral,2,0.06663495443483175,0.268122932951018,0.33336800691163604,0.3318741057025142
/workspace/datasets/cremad/AudioWAV/1003_TAI_ANG_XX.wav,cremad,angry,angry,0,0.4687998637845438,0.2687969144927597,0.26240322172269653,0.0
/workspace/datasets/cremad/AudioWAV/1003_TAI_HAP_XX.wav,cremad,happy,neutral,2,0.26296959490769345,0.14003071125788952,0.5969996938344171,0.0
/workspace/datasets/cremad/AudioWAV/1003_TAI_NEU_XX.wav,cremad,neutral,neutral,2,0.19796082844044918,0.26768908173660205,0.5343500898229487,0.0
/workspace/datasets/cremad/AudioWAV/1003_TAI_SAD_XX.wav,cremad,sad,neutral,2,0.06664872741999245,0.46509112038115996,0.4682601521988476,0.0
/workspace/datasets/cremad/AudioWAV/1003_TIE_ANG_XX.wav,cremad,angry,angry,0,0.46528867086983106,0.33316563528168225,0.2015456938484868,0.0
/workspace/datasets/cremad/AudioWAV/1003_TIE_HAP_XX.wav,cremad,happy,neutral,2,0.26162204718725557,0.27005948626801946,0.3384384605734922,0.12988000597123275
/workspace/datasets/cremad/AudioWAV/1003_TIE_NEU_XX.wav,cremad,neutral,neutral,2,0.26539593457063576,0.19900167289454265,0.46900773751528213,0.06659465501953943
/workspace/datasets/cremad/AudioWAV/1003_TIE_SAD_XX.wav,cremad,sad,sad,3,0.0,0.20129626636794218,0.19975521520620496,0.598948518425853
/workspace/datasets/cremad/AudioWAV/1003_TSI_ANG_XX.wav,cremad,angry,angry,0,0.4034731968153009,0.3980131436752335,0.12973268681866204,0.06878097269080362
/workspace/datasets/cremad/AudioWAV/1003_TSI_HAP_XX.wav,cremad,happy,sad,3,0.19474226103957298,0.2664661058437127,0.2620837938467947,0.27670783926991954
/workspace/datasets/cremad/AudioWAV/1003_TSI_NEU_XX.wav,cremad,neutral,neutral,2,0.06560905675664755,0.20578165138048546,0.5215537653274503,0.20705552653541662
/workspace/datasets/cremad/AudioWAV/1003_TSI_SAD_XX.wav,cremad,sad,sad,3,0.0,0.2584769644369516,0.26748452543699763,0.47403851012605064
/workspace/datasets/cremad/AudioWAV/1003_WSI_ANG_XX.wav,cremad,angry,angry,0,0.6721939243077395,0.1971298440690675,0.1306762316231929,0.0
/workspace/datasets/cremad/AudioWAV/1003_WSI_HAP_XX.wav,cremad,happy,angry,0,0.4026801508703429,0.20182094033790224,0.3304730937452715,0.06502581504648339
/workspace/datasets/cremad/AudioWAV/1003_WSI_NEU_XX.wav,cremad,neutral,neutral,2,0.06635253769706764,0.33382253059346323,0.390068697108603,0.20975623460086615
/workspace/datasets/cremad/AudioWAV/1003_WSI_SAD_XX.wav,cremad,sad,sad,3,0.0,0.2644449433433179,0.3260479631292619,0.4095070935274202
/workspace/datasets/cremad/AudioWAV/1004_DFA_ANG_XX.wav,cremad,angry,angry,0,0.5315550386015527,0.06675242930917079,0.4016925320892764,0.0
/workspace/datasets/cremad/AudioWAV/1004_DFA_HAP_XX.wav,cremad,happy,neutral,2,0.19575975509287052,0.20736743971450997,0.5302715185380589,0.06660128665456067
/workspace/datasets/cremad/AudioWAV/1004_DFA_NEU_XX.wav,cremad,neutral,angry,0,0.3961872985667928,0.26821363709396256,0.2664541551230608,0.06914490921618374
/workspace/datasets/cremad/AudioWAV/1004_DFA_SAD_XX.wav,cremad,sad,sad,3,0.0,0.1306044569887972,0.19569604006474442,0.6736995029464584
/workspace/datasets/cremad/AudioWAV/1004_IEO_ANG_HI.wav,cremad,angry,angry,0,0.6693402756278498,0.3306597243721503,0.0,0.0
/workspace/datasets/cremad/AudioWAV/1004_IEO_ANG_LO.wav,cremad,angry,angry,0,0.3997781411662942,0.06636170410833825,0.2686990968826141,0.2651610578427534
/workspace/datasets/cremad/AudioWAV/1004_IEO_ANG_MD.wav,cremad,angry,happy,1,0.3325520154606979,0.5335605501465638,0.06640714678658713,0.06748028760615114
/workspace/datasets/cremad/AudioWAV/1004_IEO_HAP_HI.wav,cremad,happy,angry,0,0.6014925103569864,0.33259518336586563,0.0,0.06591230627714806
/workspace/datasets/cremad/AudioWAV/1004_IEO_HAP_LO.wav,cremad,happy,sad,3,0.0664894100977963,0.3997565437347601,0.06787579986699178,0.4658782463004518
/workspace/datasets/cremad/AudioWAV/1004_IEO_HAP_MD.wav,cremad,happy,angry,0,0.4699365346331914,0.20072252959817483,0.3293409357686337,0.0
/workspace/datasets/cremad/AudioWAV/1004_IEO_NEU_XX.wav,cremad,neutral,neutral,2,0.13001621331338464,0.20536705472436728,0.33503786875875674,0.3295788632034913
/workspace/datasets/cremad/AudioWAV/1004_IEO_SAD_HI.wav,cremad,sad,sad,3,0.0,0.2023610235968773,0.06583258885892769,0.731806387544195
/workspace/datasets/cremad/AudioWAV/1004_IEO_SAD_LO.wav,cremad,sad,sad,3,0.0,0.1321186421141761,0.06946450721232127,0.7984168506735027
/workspace/datasets/cremad/AudioWAV/1004_IEO_SAD_MD.wav,cremad,sad,sad,3,0.0,0.26964900898815436,0.13259168996426318,0.5977593010475825
/workspace/datasets/cremad/AudioWAV/1004_IOM_ANG_XX.wav,cremad,angry,angry,0,0.464983314598754,0.19838628033584735,0.2705152006362331,0.0661152044291655
/workspace/datasets/cremad/AudioWAV/1004_IOM_HAP_XX.wav,cremad,happy,neutral,2,0.1385639343292294,0.40112251015743794,0.4603135555133327,0.0
/workspace/datasets/cremad/AudioWAV/1004_IOM_NEU_XX.wav,cremad,neutral,sad,3,0.06699476911082018,0.133143877765208,0.2677235436169564,0.5321378095070154
/workspace/datasets/cremad/AudioWAV/1004_IOM_SAD_XX.wav,cremad,sad,sad,3,0.0,0.3978471623251588,0.19861605303618068,0.40353678463866055
/workspace/datasets/cremad/AudioWAV/1004_ITH_ANG_XX.wav,cremad,angry,angry,0,0.7324473464647439,0.06752718067830024,0.20002547285695604,0.0
/workspace/datasets/cremad/AudioWAV/1004_ITH_HAP_XX.wav,cremad,happy,neutral,2,0.26306178770357563,0.20003299665799887,0.3312786561796218,0.20562655945880368
/workspace/datasets/cremad/AudioWAV/1004_ITH_NEU_XX.wav,cremad,neutral,sad,3,0.26721312433936184,0.2601546550300481,0.1984456789712197,0.27418654165937023
/workspace/datasets/cremad/AudioWAV/1004_ITH_SAD_XX.wav,cremad,sad,sad,3,0.0,0.26611366958141597,0.20141390540531304,0.5324724250132711
/workspace/datasets/cremad/AudioWAV/1004_ITS_ANG_XX.wav,cremad,angry,angry,0,0.6074951580307112,0.39250484196928886,0.0,0.0
/workspace/datasets/cremad/AudioWAV/1004_ITS_HAP_XX.wav,cremad,happy,neutral,2,0.1333664813527364,0.19887962561398614,0.40011905000494,0.26763484302833745
/workspace/datasets/cremad/AudioWAV/1004_ITS_NEU_XX.wav,cremad,neutral,angry,0,0.4633537719119363,0.1361996339853388,0.267770160367709,0.13267643373501586
/workspace/datasets/cremad/AudioWAV/1004_ITS_SAD_XX.wav,cremad,sad,sad,3,0.07068443102258343,0.06584025215045482,0.19714314620388734,0.6663321706230744
/workspace/datasets/cremad/AudioWAV/1004_IWL_ANG_XX.wav,cremad,angry,angry,0,0.7345708666304929,0.19863779034704254,0.06679134302246464,0.0
/workspace/datasets/cremad/AudioWAV/1004_IWL_HAP_XX.wav,cremad,happy,happy,1,0.06846113945580636,0.600064096307516,0.33147476423667765,0.0
/workspace/datasets/cremad/AudioWAV/1004_IWL_NEU_XX.wav,cremad,neutral,happy,1,0.2662206713503887,0.4018666244876354,0.33191270416197594,0.0
/workspace/datasets/cremad/AudioWAV/1004_IWL_SAD_XX.wav,cremad,sad,happy,1,0.2699963076744511,0.5301917156073794,0.19981197671816958,0.0
/workspace/datasets/cremad/AudioWAV/1004_IWW_ANG_XX.wav,cremad,angry,neutral,2,0.13432444389596,0.19929264175018055,0.6663829143538594,0.0
/workspace/datasets/cremad/AudioWAV/1004_IWW_HAP_XX.wav,cremad,happy,sad,3,0.0,0.1401622008179875,0.20125214550185735,0.658585653680155
/workspace/datasets/cremad/AudioWAV/1004_IWW_NEU_XX.wav,cremad,neutral,neutral,2,0.13369490286458618,0.20224466774437166,0.39987506403487805,0.26418536535616416
/workspace/datasets/cremad/AudioWAV/1004_IWW_SAD_XX.wav,cremad,sad,sad,3,0.0,0.13350654078877544,0.20011552834290414,0.6663779308683204
/workspace/datasets/cremad/AudioWAV/1004_MTI_ANG_XX.wav,cremad,angry,neutral,2,0.26647160069963544,0.26428649391734904,0.46924190538301547,0.0
/workspace/datasets/cremad/AudioWAV/1004_MTI_HAP_XX.wav,cremad,happy,sad,3,0.19812933526687548,0.20281738895332418,0.06771075108328606,0.5313425246965142
/workspace/datasets/cremad/AudioWAV/1004_MTI_NEU_XX.wav,cremad,neutral,neutral,2,0.19610602786469652,0.13358230901806736,0.4027852137291056,0.2675264493881304
/workspace/datasets/cremad/AudioWAV/1004_MTI_SAD_XX.wav,cremad,sad,sad,3,0.06473384720990626,0.20285020100396683,0.07322288416742374,0.6591930676187031
/workspace/datasets/cremad/AudioWAV/1004_TAI_ANG_XX.wav,cremad,angry,angry,0,0.6069629093148361,0.06481785605090318,0.3282192346342607,0.0
/workspace/datasets/cremad/AudioWAV/1004_TAI_HAP_XX.wav,cremad,happy,sad,3,0.06549471240599053,0.2665291729471128,0.13881608432920023,0.5291600303176965
/workspace/datasets/cremad/AudioWAV/1004_TAI_NEU_XX.wav,cremad,neutral,neutral,2,0.0,0.33309421346837886,0.33777654910854477,0.3291292374230764
/workspace/datasets/cremad/AudioWAV/1004_TAI_SAD_XX.wav,cremad,sad,sad,3,0.06651091335369515,0.19703024491332233,0.1329323216389861,0.6035265200939964
/workspace/datasets/cremad/AudioWAV/1004_TIE_ANG_XX.wav,cremad,angry,angry,0,0.7333978671498699,0.19810033301725852,0.06850179983287151,0.0
/workspace/datasets/cremad/AudioWAV/1004_TIE_HAP_XX.wav,cremad,happy,neutral,2,0.263747090429012,0.26939100917997405,0.46686190039101394,0.0
/workspace/datasets/cremad/AudioWAV/1004_TIE_NEU_XX.wav,cremad,neutral,happy,1,0.2646478738650931,0.32932623339922956,0.13704355336294888,0.2689823393727285
/workspace/datasets/cremad/AudioWAV/1004_TIE_SAD_XX.wav,cremad,sad,sad,3,0.0,0.06773169917725315,0.1313502089567773,0.8009180918659696
/workspace/datasets/cremad/AudioWAV/1004_TSI_ANG_XX.wav,cremad,angry,angry,0,0.5351103517376273,0.13488164642369485,0.265327933202732,0.06468006863594584
/workspace/datasets/cremad/AudioWAV/1004_TSI_HAP_XX.wav,cremad,happy,angry,0,0.461834819617152,0.14044807939591403,0.20116647444260552,0.1965506265443284
/workspace/datasets/cremad/AudioWAV/1004_TSI_NEU_XX.wav,cremad,neutral,neutral,2,0.32995691348054246,0.14186941908009348,0.33109576391139955,0.19707790352796437
/workspace/datasets/cremad/AudioWAV/1004_TSI_SAD_XX.wav,cremad,sad,sad,3,0.13155546198217036,0.06861967676862306,0.13107361748477978,0.6687512437644269
/workspace/datasets/cremad/AudioWAV/1004_WSI_ANG_XX.wav,cremad,angry,angry,0,0.6000002368285962,0.12984567884831608,0.2701540843230877,0.0
/workspace/datasets/cremad/AudioWAV/1004_WSI_HAP_XX.wav,cremad,happy,angry,0,0.6613351233147732,0.19862446917161022,0.14004040751361665,0.0
/workspace/datasets/cremad/AudioWAV/1004_WSI_NEU_XX.wav,cremad,neutral,neutral,2,0.26405770133223644,0.3278410127856865,0.34294744974405367,0.06515383613802331
/workspace/datasets/cremad/AudioWAV/1004_WSI_SAD_XX.wav,cremad,sad,sad,3,0.0,0.2004771256891974,0.06979144695108162,0.729731427359721
/workspace/datasets/cremad/AudioWAV/1005_DFA_ANG_XX.wav,cremad,angry,angry,0,0.5331475760026444,0.263450762669134,0.20340166132822163,0.0
/workspace/datasets/cremad/AudioWAV/1005_DFA_HAP_XX.wav,cremad,happy,neutral,2,0.26623352074833045,0.19823717267230637,0.5355293065793633,0.0
/workspace/datasets/cremad/AudioWAV/1005_DFA_NEU_XX.wav,cremad,neutral,neutral,2,0.13382320937049816,0.20129168262483274,0.6648851080046692,0.0
/workspace/datasets/cremad/AudioWAV/1005_DFA_SAD_XX.wav,cremad,sad,sad,3,0.1335612232217792,0.2004630468243155,0.2658674068277941,0.4001083231261112
/workspace/datasets/cremad/AudioWAV/1005_IEO_ANG_HI.wav,cremad,angry,angry,0,0.5966611324896473,0.27121759125784617,0.13212127625250658,0.0
/workspace/datasets/cremad/AudioWAV/1005_IEO_ANG_LO.wav,cremad,angry,happy,1,0.33451537626983713,0.4030986495967786,0.06528373589015893,0.19710223824322515
/workspace/datasets/cremad/AudioWAV/1005_IEO_ANG_MD.wav,cremad,angry,angry,0,0.4654274509467036,0.2711372977989076,0.1331282200726042,0.1303070311817845
/workspace/datasets/cremad/AudioWAV/1005_IEO_HAP_HI.wav,cremad,happy,neutral,2,0.2696463213412492,0.33320895762634695,0.39714472103240384,0.0
/workspace/datasets/cremad/AudioWAV/1005_IEO_HAP_LO.wav,cremad,happy,sad,3,0.13023643557128317,0.13269789485535946,0.13303341265345742,0.6040322569198999
/workspace/datasets/cremad/AudioWAV/1005_IEO_HAP_MD.wav,cremad,happy,angry,0,0.46691783870006065,0.26790053981330475,0.2651816214866346,0.0
/workspace/datasets/cremad/AudioWAV/1005_IEO_NEU_XX.wav,cremad,neutral,sad,3,0.3337927216279583,0.06679801868127679,0.19871834662433777,0.4006909130664271
/workspace/datasets/cremad/AudioWAV/1005_IEO_SAD_HI.wav,cremad,sad,sad,3,0.3332742895690141,0.07074753618598657,0.06579630866681892,0.5301818655781804
/workspace/datasets/cremad/AudioWAV/1005_IEO_SAD_LO.wav,cremad,sad,sad,3,0.0,0.0658534281025174,0.19727529111316547,0.7368712807843172
/workspace/datasets/cremad/AudioWAV/1005_IEO_SAD_MD.wav,cremad,sad,sad,3,0.06749166880507362,0.13493178171788056,0.2651684718307427,0.5324080776463032
/workspace/datasets/cremad/AudioWAV/1005_IOM_ANG_XX.wav,cremad,angry,angry,0,0.40041139108180773,0.20025210918070818,0.3993364997374842,0.0
/workspace/datasets/cremad/AudioWAV/1005_IOM_HAP_XX.wav,cremad,happy,neutral,2,0.1978901176956484,0.2682026232931941,0.5339072590111575,0.0
/workspace/datasets/cremad/AudioWAV/1005_IOM_NEU_XX.wav,cremad,neutral,happy,1,0.0,0.33498712102203787,0.33231204002938997,0.33270083894857216
/workspace/datasets/cremad/AudioWAV/1005_IOM_SAD_XX.wav,cremad,sad,sad,3,0.0,0.3339114272704929,0.26686494317633114,0.39922362955317603
/workspace/datasets/cremad/AudioWAV/1005_ITH_ANG_XX.wav,cremad,angry,angry,0,0.464889510269743,0.4031046722236137,0.13200581750664322,0.0
/workspace/datasets/cremad/AudioWAV/1005_ITH_HAP_XX.wav,cremad,happy,happy,1,0.1344210841858733,0.6012391049477378,0.2643398108663889,0.0
/workspace/datasets/cremad/AudioWAV/1005_ITH_NEU_XX.wav,cremad,neutral,happy,1,0.13259478287221876,0.469350440690866,0.39805477643691517,0.0
/workspace/datasets/cremad/AudioWAV/1005_ITH_SAD_XX.wav,cremad,sad,happy,1,0.26747360510155954,0.33289025661175137,0.2681138013429504,0.13152233694373866
/workspace/datasets/cremad/AudioWAV/1005_ITS_ANG_XX.wav,cremad,angry,angry,0,0.5275000273738201,0.20162249735986085,0.20265714390879414,0.06822033135752491
/workspace/datasets/cremad/AudioWAV/1005_ITS_HAP_XX.wav,cremad,happy,angry,0,0.464681848184473,0.19936180571346943,0.2704967869636337,0.0654595591384239
/workspace/datasets/cremad/AudioWAV/1005_ITS_NEU_XX.wav,cremad,neutral,happy,1,0.20082486581891035,0.40075849271550784,0.3303772171691514,0.06803942429643038
/workspace/datasets/cremad/AudioWAV/1005_ITS_SAD_XX.wav,cremad,sad,happy,1,0.3944733058818429,0.40146204503728866,0.13948128520385167,0.06458336387701662
/workspace/datasets/cremad/AudioWAV/1005_IWL_ANG_XX.wav,cremad,angry,happy,1,0.19819547057249043,0.4675549437843541,0.2673885947228968,0.0668609909202586
/workspace/datasets/cremad/AudioWAV/1005_IWL_HAP_XX.wav,cremad,happy,happy,1,0.06812933106372805,0.5305384496962974,0.3353085021027343,0.06602371713724027
/workspace/datasets/cremad/AudioWAV/1005_IWL_NEU_XX.wav,cremad,neutral,happy,1,0.0,0.46763528930399223,0.4662071105994586,0.06615760009654918
/workspace/datasets/cremad/AudioWAV/1005_IWL_SAD_XX.wav,cremad,sad,sad,3,0.0,0.32992686308446906,0.2716028844425136,0.3984702524730174
/workspace/datasets/cremad/AudioWAV/1005_IWW_ANG_XX.wav,cremad,angry,happy,1,0.26301588197109094,0.27086031356903556,0.20007440490949666,0.266049399550377
/workspace/datasets/cremad/AudioWAV/1005_IWW_HAP_XX.wav,cremad,happy,happy,1,0.20129549430972948,0.4009501106407702,0.19930132881531784,0.19845306623418263
/workspace/datasets/cremad/AudioWAV/1005_IWW_NEU_XX.wav,cremad,neutral,happy,1,0.19930136750699978,0.33554998621819576,0.20284408145146848,0.2623045648233361
/workspace/datasets/cremad/AudioWAV/1005_IWW_SAD_XX.wav,cremad,sad,sad,3,0.0654493851605833,0.2650107919960824,0.20077767708672173,0.4687621457566125
/workspace/datasets/cremad/AudioWAV/1005_MTI_ANG_XX.wav,cremad,angry,neutral,2,0.2695460498500252,0.32898185626806487,0.32969881541019946,0.07177327847171039
/workspace/datasets/cremad/AudioWAV/1005_MTI_HAP_XX.wav,cremad,happy,neutral,2,0.20097300011756739,0.26744973541759226,0.46515412391380195,0.06642314055103837
/workspace/datasets/cremad/AudioWAV/1005_MTI_NEU_XX.wav,cremad,neutral,sad,3,0.19865046308253526,0.13770507183592176,0.2662539562215265,0.3973905088600164
/workspace/datasets/cremad/AudioWAV/1005_MTI_SAD_XX.wav,cremad,sad,neutral,2,0.13759736015552082,0.32904918465362165,0.3325373629277759,0.20081609226308153
/workspace/datasets/cremad/AudioWAV/1005_TAI_ANG_XX.wav,cremad,angry,neutral,2,0.2707378203694142,0.2615549109317484,0.4677072686988374,0.0
/workspace/datasets/cremad/AudioWAV/1005_TAI_HAP_XX.wav,cremad,happy,angry,0,0.26959727747924356,0.26500519714467746,0.2682226713810423,0.1971748539950366
/workspace/datasets/cremad/AudioWAV/1005_TAI_NEU_XX.wav,cremad,neutral,sad,3,0.0,0.1341367005395881,0.1324721441000331,0.7333911553603788
/workspace/datasets/cremad/AudioWAV/1005_TAI_SAD_XX.wav,cremad,sad,sad,3,0.06695523263920886,0.198352061725764,0.13603616581431688,0.5986565398207102
/workspace/datasets/cremad/AudioWAV/1005_TIE_ANG_XX.wav,cremad,angry,angry,0,0.3965362179549563,0.33218529212096803,0.2712784899240757,0.0
/workspace/datasets/cremad/AudioWAV/1005_TIE_HAP_XX.wav,cremad,happy,happy,1,0.3297513899278339,0.4644606243299598,0.20578798574220616,0.0
/workspace/datasets/cremad/AudioWAV/1005_TIE_NEU_XX.wav,cremad,neutral,sad,3,0.26439290783517505,0.20021670884919132,0.1390407679898338,0.3963496153257998
/workspace/datasets/cremad/AudioWAV/1005_TIE_SAD_XX.wav,cremad,sad,happy,1,0.19813814105259203,0.33339197628805484,0.2684393022956011,0.20003058036375213
/workspace/datasets/cremad/AudioWAV/1005_TSI_ANG_XX.wav,cremad,angry,neutral,2,0.196705309482036,0.200386670352413,0.602908020165551,0.0
/workspace/datasets/cremad/AudioWAV/1005_TSI_HAP_XX.wav,cremad,happy,neutral,2,0.19560330824702132,0.33235561080922316,0.40513303464359696,0.06690804630015851
/workspace/datasets/cremad/AudioWAV/1005_TSI_NEU_XX.wav,cremad,neutral,angry,0,0.395238048736408,0.3410535128699556,0.19622815512493164,0.06748028326870474
/workspace/datasets/cremad/AudioWAV/1005_TSI_SAD_XX.wav,cremad,sad,happy,1,0.12665814635480505,0.40087952081212697,0.3369788330037674,0.13548349982930058
/workspace/datasets/cremad/AudioWAV/1005_WSI_ANG_XX.wav,cremad,angry,angry,0,0.5322937250991857,0.2678795800293128,0.13481997175299335,0.06500672311850807
/workspace/datasets/cremad/AudioWAV/1005_WSI_HAP_XX.wav,cremad,happy,angry,0,0.4039695737795436,0.3939845832384855,0.2020458429819709,0.0
/workspace/datasets/cremad/AudioWAV/1005_WSI_NEU_XX.wav,cremad,neutral,happy,1,0.26508176152935087,0.46980393426700184,0.2015678691134412,0.06354643509020604
/workspace/datasets/cremad/AudioWAV/1005_WSI_SAD_XX.wav,cremad,sad,happy,1,0.2648632442208986,0.3363924496613011,0.19958709493849167,0.1991572111793086
/workspace/datasets/cremad/AudioWAV/1006_DFA_ANG_XX.wav,cremad,angry,angry,0,0.5307287115207671,0.402901814096818,0.06636947438241501,0.0
/workspace/datasets/cremad/AudioWAV/1006_DFA_HAP_XX.wav,cremad,happy,happy,1,0.1979562449461899,0.402868164188467,0.39917559086534293,0.0
