file_path,dataset,label,pred_label,pred_label_enc,proba_angry,proba_happy,proba_neutral,proba_sad
/workspace/datasets/cremad/AudioWAV/1001_DFA_ANG_XX.wav,cremad,angry,angry,0,0.9010115018611643,0.018498413920829446,0.0800075805852485,0.00048250363275779664
/workspace/datasets/cremad/AudioWAV/1001_DFA_HAP_XX.wav,cremad,happy,angry,0,0.942179547260098,0.016725575728462234,0.04099636561579304,9.851139564657076e-05
/workspace/datasets/cremad/AudioWAV/1001_DFA_NEU_XX.wav,cremad,neutral,angry,0,0.956646159140522,0.010282288564312602,0.03244166921078028,0.0006298830843852139
/workspace/datasets/cremad/AudioWAV/1001_DFA_SAD_XX.wav,cremad,sad,happy,1,0.29734192767302076,0.6003390074342533,0.08934276991492879,0.01297629497779721
/workspace/datasets/cremad/AudioWAV/1001_IEO_ANG_HI.wav,cremad,angry,angry,0,0.9923108682698644,0.0014663450879714478,0.003755375916572282,0.0024674107255918797
/workspace/datasets/cremad/AudioWAV/1001_IEO_ANG_LO.wav,cremad,angry,neutral,2,0.41015616457276427,0.16917625714831253,0.4126753516477197,0.007992226631203435
/workspace/datasets/cremad/AudioWAV/1001_IEO_ANG_MD.wav,cremad,angry,happy,1,0.18308297111381003,0.43366341047494106,0.3739684544962446,0.009285163915004313
/workspace/datasets/cremad/AudioWAV/1001_IEO_HAP_HI.wav,cremad,happy,angry,0,0.9584218605951645,0.015112474691089442,0.024801241175295412,0.001664423538450815
/workspace/datasets/cremad/AudioWAV/1001_IEO_HAP_LO.wav,cremad,happy,neutral,2,0.17266033835862138,0.10068779879038063,0.7246329034047887,0.0020189594462092643
/workspace/datasets/cremad/AudioWAV/1001_IEO_HAP_MD.wav,cremad,happy,happy,1,0.22532245442929366,0.34032425060520627,0.2581975720647333,0.17615572290076678
/workspace/datasets/cremad/AudioWAV/1001_IEO_NEU_XX.wav,cremad,neutral,happy,1,0.022870698872535372,0.7420121211228666,0.23436021290289127,0.000756967101706842
/workspace/datasets/cremad/AudioWAV/1001_IEO_SAD_HI.wav,cremad,sad,happy,1,0.004223955207026207,0.9463079273900475,0.020882535102668538,0.02858558230025792
/workspace/datasets/cremad/AudioWAV/1001_IEO_SAD_LO.wav,cremad,sad,happy,1,0.0030209149670159504,0.8960409089643383,0.05211774034545564,0.04882043572319019
/workspace/datasets/cremad/AudioWAV/1001_IEO_SAD_MD.wav,cremad,sad,happy,1,0.025440020226236742,0.8736847431821347,0.06859373193021623,0.03228150466141237
/workspace/datasets/cremad/AudioWAV/1001_IOM_ANG_XX.wav,cremad,angry,happy,1,0.03972852031590616,0.5585457847805437,0.3995922134917329,0.0021334814118171555
/workspace/datasets/cremad/AudioWAV/1001_IOM_HAP_XX.wav,cremad,happy,happy,1,0.44824185137403993,0.4800605997242591,0.06845865147148322,0.003238897430217573
/workspace/datasets/cremad/AudioWAV/1001_IOM_NEU_XX.wav,cremad,neutral,neutral,2,0.034088774234557015,0.4332436507078789,0.5284401037817784,0.004227471275785764
/workspace/datasets/cremad/AudioWAV/1001_IOM_SAD_XX.wav,cremad,sad,angry,0,0.43292559398533603,0.3953450742566225,0.17010164643385306,0.0016276853241885176
/workspace/datasets/cremad/AudioWAV/1001_ITH_ANG_XX.wav,cremad,angry,angry,0,0.927299664443671,0.04622854257933084,0.026321000496474577,0.00015079248052354878
/workspace/datasets/cremad/AudioWAV/1001_ITH_HAP_XX.wav,cremad,happy,happy,1,0.33847130733811714,0.6416288923039506,0.01930467549164644,0.0005951248662858683
/workspace/datasets/cremad/AudioWAV/1001_ITH_NEU_XX.wav,cremad,neutral,happy,1,0.4354132926941965,0.5003590987941396,0.04537409771889132,0.0188535107927726
/workspace/datasets/cremad/AudioWAV/1001_ITH_SAD_XX.wav,cremad,sad,happy,1,0.0256616724141256,0.9339055411228463,0.035819056462534596,0.004613730000493479
/workspace/datasets/cremad/AudioWAV/1001_ITS_ANG_XX.wav,cremad,angry,angry,0,0.8708872004296212,0.07937804043835256,0.04611362614947189,0.0036211329825545056
/workspace/datasets/cremad/AudioWAV/1001_ITS_HAP_XX.wav,cremad,happy,angry,0,0.8382150559633585,0.07391646303947012,0.08611754511640123,0.0017509358807701481
/workspace/datasets/cremad/AudioWAV/1001_ITS_NEU_XX.wav,cremad,neutral,angry,0,0.569088419946521,0.29296346004102125,0.12989183602498047,0.008056283987477191
/workspace/datasets/cremad/AudioWAV/1001_ITS_SAD_XX.wav,cremad,sad,happy,1,0.06266124201450268,0.7137148445389991,0.17097497333401826,0.05264894011247991
/workspace/datasets/cremad/AudioWAV/1001_IWL_ANG_XX.wav,cremad,angry,happy,1,0.16454805517372564,0.6732848596996223,0.15643435255323324,0.0057327325734188314
/workspace/datasets/cremad/AudioWAV/1001_IWL_HAP_XX.wav,cremad,happy,angry,0,0.8584639146062919,0.08538311481925646,0.054566600968139735,0.0015863696063119605
/workspace/datasets/cremad/AudioWAV/1001_IWL_NEU_XX.wav,cremad,neutral,neutral,2,0.07418580219384124,0.2073641726343417,0.7174435291980202,0.001006495973796819
/workspace/datasets/cremad/AudioWAV/1001_IWL_SAD_XX.wav,cremad,sad,happy,1,0.183159042481822,0.6911232925909675,0.1069882628929531,0.018729402034257315
/workspace/datasets/cremad/AudioWAV/1001_IWW_ANG_XX.wav,cremad,angry,angry,0,0.9679795613477269,0.01887576914945316,0.012601951304610151,0.0005427181982098194
/workspace/datasets/cremad/AudioWAV/1001_IWW_HAP_XX.wav,cremad,happy,angry,0,0.9840252141120523,0.005752452220254413,0.009939986288377277,0.0002823473793160409
/workspace/datasets/cremad/AudioWAV/1001_IWW_NEU_XX.wav,cremad,neutral,happy,1,0.13099440176440771,0.6115546204902335,0.23025717961041361,0.02719379813494522
/workspace/datasets/cremad/AudioWAV/1001_IWW_SAD_XX.wav,cremad,sad,happy,1,0.10185318120910593,0.8189398085274198,0.06647232376115697,0.012734686502317403
/workspace/datasets/cremad/AudioWAV/1001_MTI_ANG_XX.wav,cremad,angry,angry,0,0.6756066135499491,0.042338758839577204,0.2768283536025578,0.0052262740079158255
/workspace/datasets/cremad/AudioWAV/1001_MTI_HAP_XX.wav,cremad,happy,angry,0,0.8983803350551467,0.03873336224386533,0.06285870192540643,2.7600775581355937e-05
/workspace/datasets/cremad/AudioWAV/1001_MTI_NEU_XX.wav,cremad,neutral,angry,0,0.5183039151913295,0.05025305434639782,0.43049150488104565,0.0009515255812271026
/workspace/datasets/cremad/AudioWAV/1001_MTI_SAD_XX.wav,cremad,sad,neutral,2,0.14218315131285647,0.09030701907160191,0.764597536310677,0.0029122933048645696
/workspace/datasets/cremad/AudioWAV/1001_TAI_ANG_XX.wav,cremad,angry,angry,0,0.8340914033111044,0.10326816045017147,0.06166151537018707,0.000978920868536992
/workspace/datasets/cremad/AudioWAV/1001_TAI_HAP_XX.wav,cremad,happy,angry,0,0.59510745847091,0.3290499735505141,0.07175660132669183,0.004085966651884115
/workspace/datasets/cremad/AudioWAV/1001_TAI_NEU_XX.wav,cremad,neutral,angry,0,0.8133508411181996,0.10311520894152897,0.08096718897416967,0.002566760966101947
/workspace/datasets/cremad/AudioWAV/1001_TAI_SAD_XX.wav,cremad,sad,happy,1,0.1741529582010583,0.7046507378925426,0.11368296987359143,0.007513334032807727
/workspace/datasets/cremad/AudioWAV/1001_TIE_ANG_XX.wav,cremad,angry,angry,0,0.930350185382613,0.027714889055805218,0.040731759906565475,0.0012031656550161884
/workspace/datasets/cremad/AudioWAV/1001_TIE_HAP_XX.wav,cremad,happy,angry,0,0.9550319695883452,0.009432548144572627,0.035425406292781104,0.00011007597430086253
/workspace/datasets/cremad/AudioWAV/1001_TIE_NEU_XX.wav,cremad,neutral,angry,0,0.8315286796193592,0.03971038250625301,0.12180731612035306,0.006953621754034804
/workspace/datasets/cremad/AudioWAV/1001_TIE_SAD_XX.wav,cremad,sad,happy,1,0.02911705758831627,0.559953655852444,0.2878214847997891,0.1231078017594507
/workspace/datasets/cremad/AudioWAV/1001_TSI_ANG_XX.wav,cremad,angry,angry,0,0.9258429049767292,0.03707061991624391,0.03404973621311332,0.003036738893913325
/workspace/datasets/cremad/AudioWAV/1001_TSI_HAP_XX.wav,cremad,happy,neutral,2,0.373449193722809,0.18735220859097787,0.4304541590629161,0.008744438623297032
/workspace/datasets/cremad/AudioWAV/1001_TSI_NEU_XX.wav,cremad,neutral,happy,1,0.4045144851931875,0.48524904664836105,0.039909301325365444,0.07032716683308597
/workspace/datasets/cremad/AudioWAV/1001_TSI_SAD_XX.wav,cremad,sad,happy,1,0.045122535178628666,0.9080081558074472,0.014021716004360264,0.03284759300956386
/workspace/datasets/cremad/AudioWAV/1001_WSI_ANG_XX.wav,cremad,angry,angry,0,0.9659446296014111,0.021735155073307234,0.011987204488952116,0.0003330108363295753
/workspace/datasets/cremad/AudioWAV/1001_WSI_HAP_XX.wav,cremad,happy,angry,0,0.6054240810278392,0.059010637487622856,0.335462053917518,0.00010322756702003239
/workspace/datasets/cremad/AudioWAV/1001_WSI_NEU_XX.wav,cremad,neutral,angry,0,0.645137546350127,0.32513950481133896,0.028844333224752505,0.0008786156137813656
/workspace/datasets/cremad/AudioWAV/1001_WSI_SAD_XX.wav,cremad,sad,angry,0,0.4406664826068808,0.35099171217380903,0.2022452178194686,0.006096587399841683
/workspace/datasets/cremad/AudioWAV/1002_DFA_ANG_XX.wav,cremad,angry,angry,0,0.950213794142445,0.049441316703324585,0.00033857629000232277,6.3128642282007235e-06
/workspace/datasets/cremad/AudioWAV/1002_DFA_HAP_XX.wav,cremad,happy,angry,0,0.8559018134445086,0.06398651630944219,0.027263675946292608,0.05284799429975656
/workspace/datasets/cremad/AudioWAV/1002_DFA_NEU_XX.wav,cremad,neutral,happy,1,0.014815317626278166,0.9275664546859551,0.03756014132510954,0.020058086362657254
/workspace/datasets/cremad/AudioWAV/1002_DFA_SAD_XX.wav,cremad,sad,happy,1,0.0005572282875014839,0.6514837028096182,0.03479683437979935,0.313162234523081
/workspace/datasets/cremad/AudioWAV/1002_IEO_ANG_HI.wav,cremad,angry,angry,0,0.8853187171861708,0.08708193808505028,0.02710814807645081,0.0004911966523280288
/workspace/datasets/cremad/AudioWAV/1002_IEO_ANG_LO.wav,cremad,angry,happy,1,0.3416251498092566,0.6018094930750484,0.054428616258183404,0.0021367408575115234
/workspace/datasets/cremad/AudioWAV/1002_IEO_ANG_MD.wav,cremad,angry,angry,0,0.9950710477358907,0.004368271361548717,0.0005514227094311473,9.258193129330855e-06
/workspace/datasets/cremad/AudioWAV/1002_IEO_HAP_HI.wav,cremad,happy,angry,0,0.5137697424513861,0.39850266533120315,0.08679717796206085,0.0009304142553499181
/workspace/datasets/cremad/AudioWAV/1002_IEO_HAP_LO.wav,cremad,happy,happy,1,0.005568257641928252,0.7862239704041191,0.12811160211544,0.08009616983851275
/workspace/datasets/cremad/AudioWAV/1002_IEO_HAP_MD.wav,cremad,happy,angry,0,0.8718077215622033,0.042075468544455694,0.08598345745663563,0.00013335243670536072
/workspace/datasets/cremad/AudioWAV/1002_IEO_NEU_XX.wav,cremad,neutral,happy,1,0.0009068003032329625,0.874544285475321,0.07084391465857863,0.05370499956286749
/workspace/datasets/cremad/AudioWAV/1002_IEO_SAD_HI.wav,cremad,sad,happy,1,4.435477801552986e-05,0.8103949127548892,0.03227760950569818,0.1572831229613972
/workspace/datasets/cremad/AudioWAV/1002_IEO_SAD_LO.wav,cremad,sad,happy,1,2.8811313260290225e-05,0.9077840462825153,0.02413868518386749,0.06804845722035682
/workspace/datasets/cremad/AudioWAV/1002_IEO_SAD_MD.wav,cremad,sad,happy,1,0.00014725122671621215,0.8396879007386123,0.046482523350677325,0.11368232468399407
/workspace/datasets/cremad/AudioWAV/1002_IOM_ANG_XX.wav,cremad,angry,angry,0,0.5277191002609996,0.29896797792754454,0.10668725764094346,0.0666256641705125
/workspace/datasets/cremad/AudioWAV/1002_IOM_HAP_XX.wav,cremad,happy,happy,1,0.04209033783908951,0.6788164313705733,0.25391469680846274,0.025178533981874477
/workspace/datasets/cremad/AudioWAV/1002_IOM_NEU_XX.wav,cremad,neutral,happy,1,0.0008779185764844476,0.9529161093024497,0.03670431753276866,0.009501654588297144
/workspace/datasets/cremad/AudioWAV/1002_IOM_SAD_XX.wav,cremad,sad,happy,1,0.004439941864507851,0.7837098551987212,0.19514605408645794,0.016704148850313117
/workspace/datasets/cremad/AudioWAV/1002_ITH_ANG_XX.wav,cremad,angry,angry,0,0.8623868596766389,0.07601385975986781,0.06147918030036472,0.00012010026312857521
/workspace/datasets/cremad/AudioWAV/1002_ITH_HAP_XX.wav,cremad,happy,angry,0,0.6193106617801801,0.2947242288910688,0.08220014112407491,0.0037649682046760383
/workspace/datasets/cremad/AudioWAV/1002_ITH_NEU_XX.wav,cremad,neutral,happy,1,0.009990872661980772,0.6275836242428893,0.0781153851332332,0.28431011796189676
/workspace/datasets/cremad/AudioWAV/1002_ITH_SAD_XX.wav,cremad,sad,happy,1,0.08011976963750864,0.7642728774472366,0.1192486407313953,0.03635871218385946
/workspace/datasets/cremad/AudioWAV/1002_ITS_ANG_XX.wav,cremad,angry,happy,1,0.03654372193698944,0.9383226421002685,0.018003176246051578,0.007130459716690541
/workspace/datasets/cremad/AudioWAV/1002_ITS_HAP_XX.wav,cremad,happy,angry,0,0.8949117939399273,0.08891981407870958,0.015544143521370339,0.000624248459992869
/workspace/datasets/cremad/AudioWAV/1002_ITS_NEU_XX.wav,cremad,neutral,happy,1,0.012241655634596754,0.7266454815757107,0.038667751152518304,0.22244511163717426
/workspace/datasets/cremad/AudioWAV/1002_ITS_SAD_XX.wav,cremad,sad,happy,1,0.0013211173356254802,0.5715131208928644,0.009760724353663106,0.41740503741784696
/workspace/datasets/cremad/AudioWAV/1002_IWL_ANG_XX.wav,cremad,angry,happy,1,0.4198431100304358,0.4539453738937096,0.126165888183777,4.562789207768702e-05
/workspace/datasets/cremad/AudioWAV/1002_IWL_HAP_XX.wav,cremad,happy,angry,0,0.7514904473346007,0.112010546430812,0.13424848887168267,0.0022505173629046526
/workspace/datasets/cremad/AudioWAV/1002_IWL_NEU_XX.wav,cremad,neutral,happy,1,0.009998307403178424,0.925547617074652,0.025722725318077136,0.038731350204092296
/workspace/datasets/cremad/AudioWAV/1002_IWL_SAD_XX.wav,cremad,sad,happy,1,0.00968297737855336,0.86446251488018,0.06659348062688869,0.05926102711437802
/workspace/datasets/cremad/AudioWAV/1002_IWW_ANG_XX.wav,cremad,angry,angry,0,0.7808130502818488,0.1278699316294287,0.09108453734934047,0.0002324807393822053
/workspace/datasets/cremad/AudioWAV/1002_IWW_HAP_XX.wav,cremad,happy,happy,1,0.4664317709822115,0.4726035822037907,0.05891829411161332,0.0020463527023844887
/workspace/datasets/cremad/AudioWAV/1002_IWW_NEU_XX.wav,cremad,neutral,happy,1,0.0020822229802666134,0.7401145027194185,0.07190072551130587,0.18590254878900891
/workspace/datasets/cremad/AudioWAV/1002_IWW_SAD_XX.wav,cremad,sad,happy,1,0.0028996193515858876,0.8399975053375454,0.04541794248060345,0.11168493283026527
/workspace/datasets/cremad/AudioWAV/1002_MTI_ANG_XX.wav,cremad,angry,angry,0,0.5696652080397875,0.18774680689238857,0.2333698265833498,0.009218158484474196
/workspace/datasets/cremad/AudioWAV/1002_MTI_HAP_XX.wav,cremad,happy,angry,0,0.5333498264508455,0.0560637748097816,0.40734363538025153,0.003242763359121319
/workspace/datasets/cremad/AudioWAV/1002_MTI_NEU_XX.wav,cremad,neutral,happy,1,0.005746493814087492,0.8052912994020048,0.1115249322565087,0.07743727452739896
/workspace/datasets/cremad/AudioWAV/1002_MTI_SAD_XX.wav,cremad,sad,happy,1,0.1122713937217792,0.542588816429066,0.24442219940531512,0.10071759044383968
/workspace/datasets/cremad/AudioWAV/1002_TAI_ANG_XX.wav,cremad,angry,angry,0,0.580872177955487,0.2779139271643164,0.137882674634782,0.0033312202454148813
/workspace/datasets/cremad/AudioWAV/1002_TAI_HAP_XX.wav,cremad,happy,angry,0,0.7502126272690957,0.16945241474750378,0.07617305542370952,0.004161902559691134
/workspace/datasets/cremad/AudioWAV/1002_TAI_NEU_XX.wav,cremad,neutral,happy,1,0.003782577933478475,0.8755493021962458,0.03004312755468264,0.090624992315593
/workspace/datasets/cremad/AudioWAV/1002_TAI_SAD_XX.wav,cremad,sad,happy,1,0.0456116000125927,0.5541879849840137,0.21226710507912835,0.18793330992426527
/workspace/datasets/cremad/AudioWAV/1002_TIE_ANG_XX.wav,cremad,angry,angry,0,0.9848151007692676,0.015051290272013762,0.00010398206067649843,2.9626898041977466e-05
/workspace/datasets/cremad/AudioWAV/1002_TIE_HAP_XX.wav,cremad,happy,angry,0,0.9398837688029952,0.03729293172587579,0.003285949308339884,0.019537350162789135
/workspace/datasets/cremad/AudioWAV/1002_TIE_SAD_XX.wav,cremad,sad,angry,0,0.5645045174669362,0.1926969872497026,0.24237005117331537,0.00042844411004581837
/workspace/datasets/cremad/AudioWAV/1002_TSI_ANG_XX.wav,cremad,angry,happy,1,0.15958736657139075,0.44952261892526363,0.3525328400394894,0.03835717446385629
/workspace/datasets/cremad/AudioWAV/1002_TSI_HAP_XX.wav,cremad,happy,neutral,2,0.05317501724915548,0.42307522560942984,0.5185554744996976,0.00519428264171719
/workspace/datasets/cremad/AudioWAV/1002_TSI_NEU_XX.wav,cremad,neutral,happy,1,0.003326954090406577,0.8641816206454377,0.029876254884609012,0.10261517037954668
/workspace/datasets/cremad/AudioWAV/1002_TSI_SAD_XX.wav,cremad,sad,happy,1,0.004651839598131697,0.8453640396093849,0.003287374298538333,0.14669674649394504
/workspace/datasets/cremad/AudioWAV/1002_WSI_ANG_XX.wav,cremad,angry,angry,0,0.9078314121207317,0.08371268653037989,0.006983044276177432,0.0014728570727109815
/workspace/datasets/cremad/AudioWAV/1002_WSI_HAP_XX.wav,cremad,happy,angry,0,0.545837644411939,0.32886165522985034,0.12366953936477593,0.0016311609934346577
/workspace/datasets/cremad/AudioWAV/1002_WSI_NEU_XX.wav,cremad,neutral,happy,1,0.04982791314272181,0.8254536933152639,0.040055182878767456,0.08466321066324693
/workspace/datasets/cremad/AudioWAV/1002_WSI_SAD_XX.wav,cremad,sad,happy,1,0.034124582626556085,0.556064493879972,0.022478546800545066,0.38733237669292686
/workspace/datasets/cremad/AudioWAV/1003_DFA_ANG_XX.wav,cremad,angry,angry,0,0.9915675764078543,0.006906457020364215,0.001525860525077473,1.060467038726592e-07
/workspace/datasets/cremad/AudioWAV/1003_DFA_HAP_XX.wav,cremad,happy,angry,0,0.4775041519719399,0.22613780594811703,0.29572535634535413,0.0006326857345889566
/workspace/datasets/cremad/AudioWAV/1003_DFA_NEU_XX.wav,cremad,neutral,angry,0,0.7181478172453807,0.03555389469716365,0.20921877261726035,0.037079515440195235
/workspace/datasets/cremad/AudioWAV/1003_DFA_SAD_XX.wav,cremad,sad,happy,1,0.012032787259770144,0.7770573259950094,0.08311265605226678,0.12779723069295362
/workspace/datasets/cremad/AudioWAV/1003_IEO_ANG_HI.wav,cremad,angry,happy,1,0.08276893516822569,0.9170329564046475,0.00019306788090957833,5.040546216983654e-06
/workspace/datasets/cremad/AudioWAV/1003_IEO_ANG_LO.wav,cremad,angry,happy,1,0.12578488779336508,0.6743684791641452,0.18209915693526893,0.017747476107220626
/workspace/datasets/cremad/AudioWAV/1003_IEO_ANG_MD.wav,cremad,angry,happy,1,0.2354219522079612,0.7439080511087878,0.010619057021212939,0.010050939662038088
/workspace/datasets/cremad/AudioWAV/1003_IEO_HAP_HI.wav,cremad,happy,happy,1,0.3356195872412393,0.3622217369184132,0.3013387385688913,0.0008199372714561026
/workspace/datasets/cremad/AudioWAV/1003_IEO_HAP_LO.wav,cremad,happy,happy,1,0.014036003967914634,0.782609986331567,0.06874637670199173,0.1346076329985267
/workspace/datasets/cremad/AudioWAV/1003_IEO_HAP_MD.wav,cremad,happy,happy,1,0.051003925356866965,0.8947929199856532,0.05325217473979895,0.0009509799176809129
/workspace/datasets/cremad/AudioWAV/1003_IEO_NEU_XX.wav,cremad,neutral,happy,1,0.00386879134549453,0.917682866756249,0.062414210608109616,0.01603413129014677
/workspace/datasets/cremad/AudioWAV/1003_IEO_SAD_HI.wav,cremad,sad,happy,1,0.0004102209291487919,0.6042267162181385,0.07426595224778128,0.32109711060493135
/workspace/datasets/cremad/AudioWAV/1003_IEO_SAD_LO.wav,cremad,sad,happy,1,4.90828124641122e-05,0.8180373421674408,0.011741058364149098,0.17017251665594588
/workspace/datasets/cremad/AudioWAV/1003_IEO_SAD_MD.wav,cremad,sad,happy,1,0.00022465263792675064,0.8091401117401421,0.03699088422300431,0.1536443513989267
/workspace/datasets/cremad/AudioWAV/1003_IOM_ANG_XX.wav,cremad,angry,happy,1,0.1813907924003461,0.7676924283754056,0.05075583254685503,0.00016094667739319793
/workspace/datasets/cremad/AudioWAV/1003_IOM_HAP_XX.wav,cremad,happy,happy,1,0.13322198041020358,0.5887325234050633,0.2765690444896969,0.0014764516950361564
/workspace/datasets/cremad/AudioWAV/1003_IOM_NEU_XX.wav,cremad,neutral,neutral,2,0.3850792977463321,0.0649716289812886,0.5428693415251973,0.007079731747182031
/workspace/datasets/cremad/AudioWAV/1003_IOM_SAD_XX.wav,cremad,sad,happy,1,0.011607631700237882,0.6924026866924853,0.09542724181560268,0.20056243979167415
/workspace/datasets/cremad/AudioWAV/1003_ITH_ANG_XX.wav,cremad,angry,happy,1,0.43012368422793507,0.5597209419494801,0.009868254007335724,0.00028711981524910126
/workspace/datasets/cremad/AudioWAV/1003_ITH_HAP_XX.wav,cremad,happy,angry,0,0.6053040822249226,0.30716041825098983,0.08561567181172769,0.0019198277123599527
/workspace/datasets/cremad/AudioWAV/1003_ITH_NEU_XX.wav,cremad,neutral,neutral,2,0.3736679669703533,0.17852013733173244,0.44734495238915345,0.00046694330876077155
/workspace/datasets/cremad/AudioWAV/1003_ITH_SAD_XX.wav,cremad,sad,happy,1,0.018215716089040095,0.8879327640166949,0.032243680152495645,0.06160783974176924
/workspace/datasets/cremad/AudioWAV/1003_ITS_ANG_XX.wav,cremad,angry,angry,0,0.9157851792518255,0.038852139639573534,0.03497094528707829,0.010391735821522691
/workspace/datasets/cremad/AudioWAV/1003_ITS_HAP_XX.wav,cremad,happy,happy,1,0.24214887176953342,0.626319506803609,0.07971440006031623,0.051817221366541405
/workspace/datasets/cremad/AudioWAV/1003_ITS_NEU_XX.wav,cremad,neutral,happy,1,0.0007791162043653809,0.9149770542561362,0.03796381474243141,0.04628001479706726
/workspace/datasets/cremad/AudioWAV/1003_ITS_SAD_XX.wav,cremad,sad,happy,1,0.00085989229916645,0.8145716570176472,0.02067245160519675,0.16389599907798966
/workspace/datasets/cremad/AudioWAV/1003_IWL_ANG_XX.wav,cremad,angry,happy,1,0.10345287013755537,0.8937463607046011,0.002573249348246917,0.0002275198095967514
/workspace/datasets/cremad/AudioWAV/1003_IWL_HAP_XX.wav,cremad,happy,happy,1,0.2094648127901082,0.6332473421343954,0.1566665458729381,0.000621299202558327
/workspace/datasets/cremad/AudioWAV/1003_IWL_NEU_XX.wav,cremad,neutral,happy,1,0.038533937306176005,0.866169341337599,0.09431705166798397,0.0009796696882407969
/workspace/datasets/cremad/AudioWAV/1003_IWL_SAD_XX.wav,cremad,sad,happy,1,0.0027429540139624936,0.9340618426976438,0.04928685972365653,0.013908343564737096
/workspace/datasets/cremad/AudioWAV/1003_IWW_ANG_XX.wav,cremad,angry,happy,1,0.3665320963087273,0.6044693290099828,0.02788650277305364,0.001112071908236183
/workspace/datasets/cremad/AudioWAV/1003_IWW_HAP_XX.wav,cremad,happy,happy,1,0.17191387860794127,0.43603394034554116,0.38549189217747626,0.006560288869041395
/workspace/datasets/cremad/AudioWAV/1003_IWW_NEU_XX.wav,cremad,neutral,happy,1,0.014542804864669651,0.6411447241526492,0.25831381863959035,0.08599865234309083
/workspace/datasets/cremad/AudioWAV/1003_IWW_SAD_XX.wav,cremad,sad,sad,3,0.001257614631274171,0.11504124657432008,0.27151619667501053,0.6121849421193952
/workspace/datasets/cremad/AudioWAV/1003_MTI_ANG_XX.wav,cremad,angry,angry,0,0.5178275175931131,0.4346645295535804,0.02296688217872279,0.02454107067458385
/workspace/datasets/cremad/AudioWAV/1003_MTI_HAP_XX.wav,cremad,happy,neutral,2,0.0985172655160262,0.2805173528019734,0.618881968108197,0.0020834135738035174
/workspace/datasets/cremad/AudioWAV/1003_MTI_NEU_XX.wav,cremad,neutral,happy,1,0.11439953211856586,0.48816482778240367,0.3836644377211631,0.013771202377867229
/workspace/datasets/cremad/AudioWAV/1003_MTI_SAD_XX.wav,cremad,sad,happy,1,0.01851756286368851,0.6815431863603761,0.26668595471080947,0.033253296065125795
/workspace/datasets/cremad/AudioWAV/1003_TAI_ANG_XX.wav,cremad,angry,angry,0,0.5939977319602214,0.3854260267040296,0.020212172320485434,0.0003640690152635197
/workspace/datasets/cremad/AudioWAV/1003_TAI_HAP_XX.wav,cremad,happy,angry,0,0.7303603850127851,0.11462057230900921,0.15484469852861615,0.00017434414958940938
/workspace/datasets/cremad/AudioWAV/1003_TAI_NEU_XX.wav,cremad,neutral,angry,0,0.6477420794386928,0.15827621177425097,0.19063251426927968,0.0033491945177764604
/workspace/datasets/cremad/AudioWAV/1003_TAI_SAD_XX.wav,cremad,sad,neutral,2,0.0501271283455899,0.34407250347682256,0.47111083619193744,0.1346895319856501
/workspace/datasets/cremad/AudioWAV/1003_TIE_ANG_XX.wav,cremad,angry,angry,0,0.9787672924658557,0.020153487325628633,0.001046115628107774,3.310458040792221e-05
/workspace/datasets/cremad/AudioWAV/1003_TIE_HAP_XX.wav,cremad,happy,happy,1,0.07986358305410601,0.5170649763552775,0.39715360804945454,0.0059178325411618875
/workspace/datasets/cremad/AudioWAV/1003_TIE_NEU_XX.wav,cremad,neutral,neutral,2,0.15510574531657736,0.20592591096095675,0.6163043557910969,0.02266398793136911
/workspace/datasets/cremad/AudioWAV/1003_TIE_SAD_XX.wav,cremad,sad,happy,1,0.10693645136467533,0.4345229252090905,0.05078087758331105,0.407759745842923
/workspace/datasets/cremad/AudioWAV/1003_TSI_ANG_XX.wav,cremad,angry,happy,1,0.041878744518141824,0.9341784113917428,0.013781076948789307,0.010161767141326076
/workspace/datasets/cremad/AudioWAV/1003_TSI_HAP_XX.wav,cremad,happy,sad,3,0.00015019686822132308,0.40252252446014625,0.03072150283878731,0.5666057758328451
/workspace/datasets/cremad/AudioWAV/1003_TSI_NEU_XX.wav,cremad,neutral,happy,1,0.0003979703353540039,0.5965501228806596,0.027218047606221412,0.3758338591777649
/workspace/datasets/cremad/AudioWAV/1003_TSI_SAD_XX.wav,cremad,sad,sad,3,2.8245392145564417e-06,0.22951129912196375,0.004453640973939944,0.7660322353648819
/workspace/datasets/cremad/AudioWAV/1003_WSI_ANG_XX.wav,cremad,angry,angry,0,0.9805502270449173,0.019128693768009093,0.00029991617011723747,2.1163016956236485e-05
/workspace/datasets/cremad/AudioWAV/1003_WSI_HAP_XX.wav,cremad,happy,happy,1,0.07484775536447315,0.8998516329900963,0.02435889295365871,0.0009417186917718004
/workspace/datasets/cremad/AudioWAV/1003_WSI_NEU_XX.wav,cremad,neutral,happy,1,0.015153716095900154,0.9378482079182171,0.03496963858395403,0.012028437401928806
/workspace/datasets/cremad/AudioWAV/1003_WSI_SAD_XX.wav,cremad,sad,happy,1,0.001559681699258869,0.9325098243232919,0.018044409232645983,0.04788608474480316
/workspace/datasets/cremad/AudioWAV/1004_DFA_ANG_XX.wav,cremad,angry,angry,0,0.9979914762335417,0.0011108347855993698,0.0008970856358131434,6.033450457820435e-07
/workspace/datasets/cremad/AudioWAV/1004_DFA_HAP_XX.wav,cremad,happy,angry,0,0.4899441025524747,0.09066836920214431,0.4168915863371375,0.002495941908243388
/workspace/datasets/cremad/AudioWAV/1004_DFA_NEU_XX.wav,cremad,neutral,angry,0,0.44324890612396395,0.17325705765968888,0.28165360456572996,0.10184043165061721
/workspace/datasets/cremad/AudioWAV/1004_DFA_SAD_XX.wav,cremad,sad,happy,1,0.012264875874337484,0.7331378081422386,0.04593883202092057,0.20865848396250336
/workspace/datasets/cremad/AudioWAV/1004_IEO_ANG_HI.wav,cremad,angry,angry,0,0.9724156740080232,0.027484168252691177,9.611169363499405e-05,4.04604565061187e-06
/workspace/datasets/cremad/AudioWAV/1004_IEO_ANG_LO.wav,cremad,angry,angry,0,0.8104593345876242,0.1466113144044941,0.04254703455723026,0.0003823164506513684
/workspace/datasets/cremad/AudioWAV/1004_IEO_ANG_MD.wav,cremad,angry,angry,0,0.584967844544605,0.41084601591489794,0.0027438468867966664,0.001442292653700456
/workspace/datasets/cremad/AudioWAV/1004_IEO_HAP_HI.wav,cremad,happy,happy,1,0.04214313030070279,0.957840450049237,1.632695318629667e-05,9.269687390492409e-08
/workspace/datasets/cremad/AudioWAV/1004_IEO_HAP_LO.wav,cremad,happy,happy,1,0.020451756582220117,0.8818574726368316,0.07562065589554703,0.02207011488540127
/workspace/datasets/cremad/AudioWAV/1004_IEO_HAP_MD.wav,cremad,happy,angry,0,0.3908160318236309,0.35736796488170725,0.2513520398235867,0.00046396347107519336
/workspace/datasets/cremad/AudioWAV/1004_IEO_NEU_XX.wav,cremad,neutral,happy,1,0.0768171428364807,0.7402434832977562,0.14871400648998356,0.034225367375779435
/workspace/datasets/cremad/AudioWAV/1004_IEO_SAD_HI.wav,cremad,sad,happy,1,0.0001860482221986106,0.8512720589471198,0.048000868689564005,0.10054102414111758
/workspace/datasets/cremad/AudioWAV/1004_IEO_SAD_LO.wav,cremad,sad,happy,1,0.003558637851275881,0.7857629890992561,0.05671617903717155,0.15396219401229633
/workspace/datasets/cremad/AudioWAV/1004_IEO_SAD_MD.wav,cremad,sad,happy,1,0.0005175166884036619,0.7089793211997528,0.03268741380556839,0.2578157483062751
/workspace/datasets/cremad/AudioWAV/1004_IOM_ANG_XX.wav,cremad,angry,angry,0,0.9972883162215165,0.0002846117708570152,0.002426227797857328,8.44209768953328e-07
/workspace/datasets/cremad/AudioWAV/1004_IOM_HAP_XX.wav,cremad,happy,neutral,2,0.3299128631229742,0.13806620498275934,0.5266103166590755,0.00541061523519088
/workspace/datasets/cremad/AudioWAV/1004_IOM_NEU_XX.wav,cremad,neutral,happy,1,0.029109890488467773,0.49437039318139486,0.27904270135194625,0.19747701497819106
/workspace/datasets/cremad/AudioWAV/1004_IOM_SAD_XX.wav,cremad,sad,happy,1,0.0009413644964594973,0.7427731761634334,0.13117353719297445,0.12511192214713276
/workspace/datasets/cremad/AudioWAV/1004_ITH_ANG_XX.wav,cremad,angry,angry,0,0.9176542823310407,0.009068818796312897,0.07327286724617098,4.0316264753646545e-06
/workspace/datasets/cremad/AudioWAV/1004_ITH_HAP_XX.wav,cremad,happy,happy,1,0.22037552335549335,0.6904438329289546,0.041436528732378644,0.04774411498317335
/workspace/datasets/cremad/AudioWAV/1004_ITH_NEU_XX.wav,cremad,neutral,happy,1,0.19100464803391937,0.5790075378920354,0.19575977250844376,0.034228041565601476
/workspace/datasets/cremad/AudioWAV/1004_ITH_SAD_XX.wav,cremad,sad,happy,1,0.0015121873517609347,0.7432042372605562,0.07147865590096882,0.183804919486714
/workspace/datasets/cremad/AudioWAV/1004_ITS_ANG_XX.wav,cremad,angry,angry,0,0.7728623723961687,0.1675209743919493,0.05207418111937247,0.007542472092509544
/workspace/datasets/cremad/AudioWAV/1004_ITS_HAP_XX.wav,cremad,happy,happy,1,0.016282979669438296,0.8896017865825097,0.05940669446612259,0.03470853928192947
/workspace/datasets/cremad/AudioWAV/1004_ITS_NEU_XX.wav,cremad,neutral,happy,1,0.03336009268999138,0.8388937572542745,0.1070571398040714,0.020689010251662584
/workspace/datasets/cremad/AudioWAV/1004_ITS_SAD_XX.wav,cremad,sad,sad,3,0.0014563584916265557,0.2647642900311472,0.19841258260725167,0.5353667688699746
/workspace/datasets/cremad/AudioWAV/1004_IWL_ANG_XX.wav,cremad,angry,angry,0,0.9744801951736206,0.024277184548631044,0.0012399158575780234,2.70442017041529e-06
/workspace/datasets/cremad/AudioWAV/1004_IWL_HAP_XX.wav,cremad,happy,happy,1,0.415877364998764,0.4576277051015633,0.1202379648337329,0.006256965065939674
/workspace/datasets/cremad/AudioWAV/1004_IWL_NEU_XX.wav,cremad,neutral,angry,0,0.44096763614771445,0.3734361451564951,0.18355554834267826,0.0020406703531123
/workspace/datasets/cremad/AudioWAV/1004_IWL_SAD_XX.wav,cremad,sad,angry,0,0.46117428151506784,0.33834275987238477,0.17808430010460838,0.022398658507939075
/workspace/datasets/cremad/AudioWAV/1004_IWW_ANG_XX.wav,cremad,angry,angry,0,0.9536814130754944,0.013945436066052174,0.03159027970792891,0.0007828711505248117
/workspace/datasets/cremad/AudioWAV/1004_IWW_HAP_XX.wav,cremad,happy,happy,1,0.010791211106826478,0.845168087229068,0.053529170030982544,0.09051153163312285
/workspace/datasets/cremad/AudioWAV/1004_IWW_NEU_XX.wav,cremad,neutral,happy,1,0.05566460665996634,0.5964365483254382,0.13215609554286561,0.21574274947172975
/workspace/datasets/cremad/AudioWAV/1004_IWW_SAD_XX.wav,cremad,sad,happy,1,0.001218682748855211,0.7166331730720232,0.05845830410907524,0.2236898400700462
/workspace/datasets/cremad/AudioWAV/1004_MTI_ANG_XX.wav,cremad,angry,angry,0,0.9063263267852549,0.06565873169890148,0.0274930568877456,0.0005218846280980618
/workspace/datasets/cremad/AudioWAV/1004_MTI_HAP_XX.wav,cremad,happy,happy,1,0.022710946314707933,0.7039304215028617,0.11024582965901214,0.16311280252341823
/workspace/datasets/cremad/AudioWAV/1004_MTI_NEU_XX.wav,cremad,neutral,happy,1,0.007402839445367779,0.5376649780240986,0.4474040602983352,0.007528122232198349
/workspace/datasets/cremad/AudioWAV/1004_MTI_SAD_XX.wav,cremad,sad,happy,1,0.00812240300692901,0.7603177920524167,0.17767914171737598,0.05388066322327821
/workspace/datasets/cremad/AudioWAV/1004_TAI_ANG_XX.wav,cremad,angry,angry,0,0.9857186764415425,0.0013987775413743134,0.012785306762366437,9.723925471682997e-05
/workspace/datasets/cremad/AudioWAV/1004_TAI_HAP_XX.wav,cremad,happy,happy,1,0.035977953926470255,0.6919242459328543,0.14553979149116844,0.12655800864950717
/workspace/datasets/cremad/AudioWAV/1004_TAI_NEU_XX.wav,cremad,neutral,happy,1,0.0789836917964257,0.44781438706907195,0.44373210195006346,0.029469819184438896
/workspace/datasets/cremad/AudioWAV/1004_TAI_SAD_XX.wav,cremad,sad,happy,1,0.011488948525992896,0.5118722317532244,0.11735994659572549,0.35927887312505724
/workspace/datasets/cremad/AudioWAV/1004_TIE_ANG_XX.wav,cremad,angry,angry,0,0.9996463330211777,0.00034307738297686366,1.0132262884371082e-05,4.5733296096227477e-07
/workspace/datasets/cremad/AudioWAV/1004_TIE_HAP_XX.wav,cremad,happy,angry,0,0.9573237655912835,0.03276668116112237,0.009909100060067158,4.531875267693631e-07
/workspace/datasets/cremad/AudioWAV/1004_TIE_NEU_XX.wav,cremad,neutral,happy,1,0.1535367542914114,0.43593455872529113,0.349537661251023,0.06099102573227437
/workspace/datasets/cremad/AudioWAV/1004_TIE_SAD_XX.wav,cremad,sad,happy,1,0.00015257270225202025,0.9486094397457224,0.003004176994353719,0.04823381055767181
/workspace/datasets/cremad/AudioWAV/1004_TSI_ANG_XX.wav,cremad,angry,angry,0,0.9004439482672124,0.0867427338712171,0.012369532515935403,0.000443785345635285
/workspace/datasets/cremad/AudioWAV/1004_TSI_HAP_XX.wav,cremad,happy,happy,1,0.053626878184746256,0.8969525968917885,0.04595732573594973,0.003463199187515371
/workspace/datasets/cremad/AudioWAV/1004_TSI_NEU_XX.wav,cremad,neutral,happy,1,0.2228322404467654,0.4387918848084247,0.3118875922901112,0.026488282454698794
/workspace/datasets/cremad/AudioWAV/1004_TSI_SAD_XX.wav,cremad,sad,happy,1,0.00038257536300225793,0.575184128699291,0.006202739589725671,0.418230556347981
/workspace/datasets/cremad/AudioWAV/1004_WSI_ANG_XX.wav,cremad,angry,angry,0,0.925139920651745,0.06861974780365558,0.005795822076008203,0.0004445094685912804
/workspace/datasets/cremad/AudioWAV/1004_WSI_HAP_XX.wav,cremad,happy,angry,0,0.8747810547333631,0.10104620241596197,0.024128503847675717,4.423900299915161e-05
/workspace/datasets/cremad/AudioWAV/1004_WSI_NEU_XX.wav,cremad,neutral,angry,0,0.5769487216297253,0.25691871887272527,0.1318897784614257,0.034242781036123715
/workspace/datasets/cremad/AudioWAV/1004_WSI_SAD_XX.wav,cremad,sad,happy,1,0.002702829833885589,0.6844380433101843,0.032349298259390646,0.28050982859653933
/workspace/datasets/cremad/AudioWAV/1005_DFA_ANG_XX.wav,cremad,angry,angry,0,0.9555133452485585,0.03318369961350283,0.010368457977682368,0.0009344971602562725
/workspace/datasets/cremad/AudioWAV/1005_DFA_HAP_XX.wav,cremad,happy,angry,0,0.609107563385517,0.13842435619698254,0.2517371586426542,0.0007309217748463545
/workspace/datasets/cremad/AudioWAV/1005_DFA_NEU_XX.wav,cremad,neutral,happy,1,0.20687403728747647,0.5127941620097045,0.2764509742703493,0.0038808264324696534
/workspace/datasets/cremad/AudioWAV/1005_DFA_SAD_XX.wav,cremad,sad,happy,1,0.013255934113281187,0.8953445715586436,0.07835454816623447,0.013044946161840662
/workspace/datasets/cremad/AudioWAV/1005_IEO_ANG_HI.wav,cremad,angry,angry,0,0.9455981973518096,0.05346725880305525,0.0008606759615376863,7.386788359758768e-05
/workspace/datasets/cremad/AudioWAV/1005_IEO_ANG_LO.wav,cremad,angry,neutral,2,0.3645284887990983,0.09859895336064335,0.5300708180146649,0.006801739825593402
/workspace/datasets/cremad/AudioWAV/1005_IEO_ANG_MD.wav,cremad,angry,angry,0,0.9786725986319817,0.008445842785117872,0.007650749650688625,0.0052308089322116325
/workspace/datasets/cremad/AudioWAV/1005_IEO_HAP_HI.wav,cremad,happy,happy,1,0.2747604763628214,0.5644986382629469,0.13776406362158772,0.022976821752644046
/workspace/datasets/cremad/AudioWAV/1005_IEO_HAP_LO.wav,cremad,happy,happy,1,0.023866471783356047,0.574875876422172,0.04209995010690923,0.3591577016875628
/workspace/datasets/cremad/AudioWAV/1005_IEO_HAP_MD.wav,cremad,happy,happy,1,0.034973949996700775,0.5594183793029175,0.26802890854905753,0.13757876215132436
/workspace/datasets/cremad/AudioWAV/1005_IEO_NEU_XX.wav,cremad,neutral,sad,3,0.001977678385858888,0.47138514341893567,0.025002824191679065,0.5016343540035264
/workspace/datasets/cremad/AudioWAV/1005_IEO_SAD_HI.wav,cremad,sad,happy,1,0.007790244313001621,0.8857845099251932,0.03898739557095192,0.06743785019085316
/workspace/datasets/cremad/AudioWAV/1005_IEO_SAD_LO.wav,cremad,sad,happy,1,0.004783995959994727,0.8579543433812407,0.032417453644067694,0.10484420701469695
/workspace/datasets/cremad/AudioWAV/1005_IEO_SAD_MD.wav,cremad,sad,happy,1,0.061855049277419395,0.9227632410375188,0.0013184281724175845,0.014063281512644184
/workspace/datasets/cremad/AudioWAV/1005_IOM_ANG_XX.wav,cremad,angry,angry,0,0.5970469991298923,0.3554805058337653,0.04684823527438498,0.000624259761957426
/workspace/datasets/cremad/AudioWAV/1005_IOM_HAP_XX.wav,cremad,happy,happy,1,0.09814354379147316,0.6076210765239202,0.26898250860247624,0.02525287108213034
/workspace/datasets/cremad/AudioWAV/1005_IOM_NEU_XX.wav,cremad,neutral,happy,1,0.022597802030968603,0.7573892604016871,0.20939812885626982,0.010614808711074591
/workspace/datasets/cremad/AudioWAV/1005_IOM_SAD_XX.wav,cremad,sad,happy,1,0.0022063134058808204,0.8930114215895959,0.04971790624416778,0.05506435876035545
/workspace/datasets/cremad/AudioWAV/1005_ITH_ANG_XX.wav,cremad,angry,angry,0,0.9539450637041219,0.019882691556857478,0.025105765149461053,0.0010664795895597426
/workspace/datasets/cremad/AudioWAV/1005_ITH_HAP_XX.wav,cremad,happy,angry,0,0.6983519666599393,0.17381057583291662,0.1255375560708961,0.0022999014362480312
/workspace/datasets/cremad/AudioWAV/1005_ITH_NEU_XX.wav,cremad,neutral,happy,1,0.2455474381723062,0.5278391558248716,0.21221836726346544,0.014395038739356818
/workspace/datasets/cremad/AudioWAV/1005_ITH_SAD_XX.wav,cremad,sad,happy,1,0.3805771129427981,0.4953594180096072,0.10980129462434686,0.014262174423247882
/workspace/datasets/cremad/AudioWAV/1005_ITS_ANG_XX.wav,cremad,angry,angry,0,0.879121583637156,0.10729387308327899,0.012800095340234432,0.00078444793933064
/workspace/datasets/cremad/AudioWAV/1005_ITS_HAP_XX.wav,cremad,happy,angry,0,0.8694937014741052,0.10366797087062167,0.020765757879398935,0.006072569775874208
/workspace/datasets/cremad/AudioWAV/1005_ITS_NEU_XX.wav,cremad,neutral,angry,0,0.7094503335599771,0.23468354947600548,0.04363070855674053,0.012235408407276797
/workspace/datasets/cremad/AudioWAV/1005_ITS_SAD_XX.wav,cremad,sad,happy,1,0.33525897269778887,0.5373031043466046,0.09941274739411311,0.0280251755614934
/workspace/datasets/cremad/AudioWAV/1005_IWL_ANG_XX.wav,cremad,angry,happy,1,0.10231637828999819,0.8405052847964443,0.05465906944765802,0.0025192674658993755
/workspace/datasets/cremad/AudioWAV/1005_IWL_HAP_XX.wav,cremad,happy,angry,0,0.5165152770331227,0.44062488300765673,0.030671938893690034,0.01218790106553042
/workspace/datasets/cremad/AudioWAV/1005_IWL_NEU_XX.wav,cremad,neutral,happy,1,0.08644415355508525,0.5458666284758164,0.2902379866586525,0.07745123131044593
/workspace/datasets/cremad/AudioWAV/1005_IWL_SAD_XX.wav,cremad,sad,happy,1,0.00787553149672285,0.9231584635290221,0.03264037796370437,0.03632562701055058
/workspace/datasets/cremad/AudioWAV/1005_IWW_ANG_XX.wav,cremad,angry,happy,1,0.12559690661243447,0.8273200531360684,0.027666287993557904,0.019416752257939044
/workspace/datasets/cremad/AudioWAV/1005_IWW_HAP_XX.wav,cremad,happy,happy,1,0.09421480733531484,0.7746527233543641,0.10203250988141431,0.02909995942890687
/workspace/datasets/cremad/AudioWAV/1005_IWW_NEU_XX.wav,cremad,neutral,happy,1,0.03770541911689946,0.7426513100182984,0.14690813762095095,0.07273513324385118
/workspace/datasets/cremad/AudioWAV/1005_IWW_SAD_XX.wav,cremad,sad,happy,1,0.19290712413856742,0.6199291305118892,0.15628251572320173,0.030881229626341652
/workspace/datasets/cremad/AudioWAV/1005_MTI_ANG_XX.wav,cremad,angry,neutral,2,0.33840404171050636,0.09895881085985245,0.5596282523417333,0.0030088950879079254
/workspace/datasets/cremad/AudioWAV/1005_MTI_HAP_XX.wav,cremad,happy,angry,0,0.8129457691483375,0.09712767425909657,0.08740209511519398,0.0025244614773718053
/workspace/datasets/cremad/AudioWAV/1005_MTI_NEU_XX.wav,cremad,neutral,neutral,2,0.03151116057439723,0.38134015973163377,0.570045837504171,0.01710284218979803
/workspace/datasets/cremad/AudioWAV/1005_MTI_SAD_XX.wav,cremad,sad,happy,1,0.05826034082897139,0.6666382525473482,0.2584571843089214,0.016644222314758938
