file_path,dataset,label,pred_label,pred_label_enc,proba_angry,proba_happy,proba_neutral,proba_sad
/workspace/datasets/cremad/AudioWAV/1001_DFA_ANG_XX.wav,cremad,angry,angry,0,0.3404613385195223,0.2731810038871503,0.3036325765674678,0.08272508102585961
/workspace/datasets/cremad/AudioWAV/1001_DFA_HAP_XX.wav,cremad,happy,angry,0,0.38280223942723945,0.2839359159359159,0.28496576571576576,0.04829607892107893
/workspace/datasets/cremad/AudioWAV/1001_DFA_NEU_XX.wav,cremad,neutral,neutral,2,0.17111901986901984,0.3302850482850483,0.4308108141858142,0.06778511766011767
/workspace/datasets/cremad/AudioWAV/1001_DFA_SAD_XX.wav,cremad,sad,neutral,2,0.11528332904090283,0.23834143135552957,0.4499706639599336,0.19640457564363387
/workspace/datasets/cremad/AudioWAV/1001_IEO_ANG_HI.wav,cremad,angry,angry,0,0.35341335053835066,0.31460639360639353,0.29277949827949823,0.039200757575757576
/workspace/datasets/cremad/AudioWAV/1001_IEO_ANG_LO.wav,cremad,angry,neutral,2,0.1927044501392327,0.26284259991216524,0.4785946715120628,0.06585827843653931
/workspace/datasets/cremad/AudioWAV/1001_IEO_ANG_MD.wav,cremad,angry,angry,0,0.4070255506259875,0.23713115222039477,0.31134935506383976,0.0444939420897782
/workspace/datasets/cremad/AudioWAV/1001_IEO_HAP_HI.wav,cremad,happy,angry,0,0.46966683643154233,0.32310841609371027,0.16402164502164499,0.04320310245310245
/workspace/datasets/cremad/AudioWAV/1001_IEO_HAP_LO.wav,cremad,happy,neutral,2,0.24229802980659343,0.24072125084725798,0.421166644653253,0.09581407469289566
/workspace/datasets/cremad/AudioWAV/1001_IEO_HAP_MD.wav,cremad,happy,happy,1,0.3217319641814001,0.3286423816804558,0.31458102163974444,0.035044632498399626
/workspace/datasets/cremad/AudioWAV/1001_IEO_NEU_XX.wav,cremad,neutral,neutral,2,0.12394027110512569,0.24414360102962798,0.49944863900264364,0.13246748886260268
/workspace/datasets/cremad/AudioWAV/1001_IEO_SAD_HI.wav,cremad,sad,neutral,2,0.10864130743546802,0.24258764531757232,0.4732203095323106,0.17555073771464927
/workspace/datasets/cremad/AudioWAV/1001_IEO_SAD_LO.wav,cremad,sad,neutral,2,0.05677718005332108,0.15917005789560432,0.46926162115952136,0.31479114089155313
/workspace/datasets/cremad/AudioWAV/1001_IEO_SAD_MD.wav,cremad,sad,neutral,2,0.06939561621835928,0.19718540663006945,0.5011230685362402,0.232295908615331
/workspace/datasets/cremad/AudioWAV/1001_IOM_ANG_XX.wav,cremad,angry,neutral,2,0.17321057814734286,0.2979437322481441,0.44268347795994845,0.08616221164456457
/workspace/datasets/cremad/AudioWAV/1001_IOM_HAP_XX.wav,cremad,happy,neutral,2,0.23852890687383346,0.3330609833257391,0.3657788690941093,0.0626312407063181
/workspace/datasets/cremad/AudioWAV/1001_IOM_NEU_XX.wav,cremad,neutral,neutral,2,0.1490792086568403,0.3031060880553913,0.4808334691289927,0.06698123415877562
/workspace/datasets/cremad/AudioWAV/1001_IOM_SAD_XX.wav,cremad,sad,neutral,2,0.06931340279065878,0.21120089023142238,0.6015400968967862,0.11794561008113234
/workspace/datasets/cremad/AudioWAV/1001_ITH_ANG_XX.wav,cremad,angry,neutral,2,0.3070988178488178,0.31855461497566756,0.3365541651331126,0.03779240204240204
/workspace/datasets/cremad/AudioWAV/1001_ITH_HAP_XX.wav,cremad,happy,happy,1,0.26197331834831833,0.422736523142306,0.28006916708250207,0.03522099142687378
/workspace/datasets/cremad/AudioWAV/1001_ITH_NEU_XX.wav,cremad,neutral,neutral,2,0.1960895196477056,0.34193108124409943,0.39788784158285057,0.06409155752534415
/workspace/datasets/cremad/AudioWAV/1001_ITH_SAD_XX.wav,cremad,sad,neutral,2,0.08635380585274019,0.18863148238837668,0.4064796071913308,0.31853510456755235
/workspace/datasets/cremad/AudioWAV/1001_ITS_ANG_XX.wav,cremad,angry,neutral,2,0.27180316903411866,0.32174609888361744,0.36383627826758125,0.042614453814682644
/workspace/datasets/cremad/AudioWAV/1001_ITS_HAP_XX.wav,cremad,happy,angry,0,0.3842066128316129,0.30918056943056943,0.2335546536796537,0.07305816405816405
/workspace/datasets/cremad/AudioWAV/1001_ITS_NEU_XX.wav,cremad,neutral,neutral,2,0.22828384741146887,0.28087731673697147,0.37698154682771057,0.11385728902384912
/workspace/datasets/cremad/AudioWAV/1001_ITS_SAD_XX.wav,cremad,sad,neutral,2,0.13051435300874575,0.18510408912465073,0.533007908930049,0.15137364893655425
/workspace/datasets/cremad/AudioWAV/1001_IWL_ANG_XX.wav,cremad,angry,happy,1,0.32724099827424635,0.3682816292865167,0.26791640562827,0.03656096681096681
/workspace/datasets/cremad/AudioWAV/1001_IWL_HAP_XX.wav,cremad,happy,happy,1,0.315443597147677,0.37167728563099445,0.2913603782910052,0.02151873893032339
/workspace/datasets/cremad/AudioWAV/1001_IWL_NEU_XX.wav,cremad,neutral,happy,1,0.18374443944270719,0.3905174416423746,0.3807450470493837,0.04499307186553443
/workspace/datasets/cremad/AudioWAV/1001_IWL_SAD_XX.wav,cremad,sad,neutral,2,0.09908808353518532,0.2438097264955358,0.4850733238470895,0.17202886612218943
/workspace/datasets/cremad/AudioWAV/1001_IWW_ANG_XX.wav,cremad,angry,angry,0,0.38236616855366856,0.23373865023865026,0.3214752608502608,0.06241992035742036
/workspace/datasets/cremad/AudioWAV/1001_IWW_HAP_XX.wav,cremad,happy,angry,0,0.393283592740249,0.2676776362612276,0.3032251973173026,0.03581357368122074
/workspace/datasets/cremad/AudioWAV/1001_IWW_NEU_XX.wav,cremad,neutral,neutral,2,0.11476441820298927,0.2480726873608579,0.5404851673774634,0.09667772705868957
/workspace/datasets/cremad/AudioWAV/1001_IWW_SAD_XX.wav,cremad,sad,neutral,2,0.11904814733070551,0.2778547399489259,0.3443465492012002,0.25875056351916803
/workspace/datasets/cremad/AudioWAV/1001_MTI_ANG_XX.wav,cremad,angry,neutral,2,0.2956935113710794,0.2797248913290397,0.370882176622519,0.05369942067736186
/workspace/datasets/cremad/AudioWAV/1001_MTI_HAP_XX.wav,cremad,happy,angry,0,0.4130030691784741,0.29169638915478807,0.23347920973508532,0.06182133193165246
/workspace/datasets/cremad/AudioWAV/1001_MTI_NEU_XX.wav,cremad,neutral,neutral,2,0.23999516816816502,0.2544324902901062,0.45794426728446974,0.047628074257259234
/workspace/datasets/cremad/AudioWAV/1001_MTI_SAD_XX.wav,cremad,sad,neutral,2,0.17806930770697804,0.29696306994733335,0.45884260887284894,0.06612501347283956
/workspace/datasets/cremad/AudioWAV/1001_TAI_ANG_XX.wav,cremad,angry,angry,0,0.41835141247641255,0.21333490120990117,0.3171953046953046,0.05111838161838162
/workspace/datasets/cremad/AudioWAV/1001_TAI_HAP_XX.wav,cremad,happy,happy,1,0.2692726745476745,0.34613861138861146,0.3221282798900446,0.06246043417366946
/workspace/datasets/cremad/AudioWAV/1001_TAI_NEU_XX.wav,cremad,neutral,neutral,2,0.2692076707520207,0.256865045414968,0.41025082956067194,0.06367645427233938
/workspace/datasets/cremad/AudioWAV/1001_TAI_SAD_XX.wav,cremad,sad,neutral,2,0.10364738550223467,0.22748064636105525,0.43710775651813544,0.2317642116185748
/workspace/datasets/cremad/AudioWAV/1001_TIE_ANG_XX.wav,cremad,angry,neutral,2,0.27727889757301516,0.3229523173298864,0.3321726555293564,0.06759612956774204
/workspace/datasets/cremad/AudioWAV/1001_TIE_HAP_XX.wav,cremad,happy,angry,0,0.4705797258297258,0.29979842379842375,0.20296095571095565,0.026660894660894656
/workspace/datasets/cremad/AudioWAV/1001_TIE_NEU_XX.wav,cremad,neutral,neutral,2,0.15737787358839989,0.29615627604249894,0.4800760150582131,0.06638983531088793
/workspace/datasets/cremad/AudioWAV/1001_TIE_SAD_XX.wav,cremad,sad,neutral,2,0.09931716785199354,0.23530575513333704,0.4114814001053968,0.25389567690927245
/workspace/datasets/cremad/AudioWAV/1001_TSI_ANG_XX.wav,cremad,angry,neutral,2,0.2574581252081252,0.3359158341658341,0.33998805361305356,0.06663798701298701
/workspace/datasets/cremad/AudioWAV/1001_TSI_HAP_XX.wav,cremad,happy,neutral,2,0.3432394133644134,0.20171239871239866,0.3920518925518925,0.06299629537129536
/workspace/datasets/cremad/AudioWAV/1001_TSI_NEU_XX.wav,cremad,neutral,neutral,2,0.22387523587523586,0.31484534909534906,0.3660629648129649,0.09521645021645021
/workspace/datasets/cremad/AudioWAV/1001_TSI_SAD_XX.wav,cremad,sad,neutral,2,0.13140630671441367,0.17333838218048744,0.40245610738484267,0.2927992037202563
/workspace/datasets/cremad/AudioWAV/1001_WSI_ANG_XX.wav,cremad,angry,angry,0,0.45372169497169507,0.26425080475080465,0.23595013320013314,0.046077367077367086
/workspace/datasets/cremad/AudioWAV/1001_WSI_HAP_XX.wav,cremad,happy,angry,0,0.4402085448900728,0.2949814615209351,0.240198392945838,0.02461160064315404
/workspace/datasets/cremad/AudioWAV/1001_WSI_NEU_XX.wav,cremad,neutral,angry,0,0.3977036190933251,0.2859285301300006,0.25250966680378434,0.06385818397288986
/workspace/datasets/cremad/AudioWAV/1001_WSI_SAD_XX.wav,cremad,sad,neutral,2,0.2302843121802707,0.2809468364103413,0.3878062190541172,0.10096263235527064
/workspace/datasets/cremad/AudioWAV/1002_DFA_ANG_XX.wav,cremad,angry,angry,0,0.5522804695304694,0.327312382062382,0.10437143412143414,0.016035714285714285
/workspace/datasets/cremad/AudioWAV/1002_DFA_HAP_XX.wav,cremad,happy,angry,0,0.40098839722369134,0.3850842262312851,0.16836965648730357,0.04555772005772006
/workspace/datasets/cremad/AudioWAV/1002_DFA_NEU_XX.wav,cremad,neutral,neutral,2,0.1342000743441032,0.25953004550196107,0.3782747837909109,0.22799509636302465
/workspace/datasets/cremad/AudioWAV/1002_DFA_SAD_XX.wav,cremad,sad,neutral,2,0.12680461301877358,0.20125186471679168,0.4699236355615188,0.20201988670291585
/workspace/datasets/cremad/AudioWAV/1002_IEO_ANG_HI.wav,cremad,angry,angry,0,0.5407474347547876,0.2785431969990793,0.15829564308240784,0.022413725163725164
/workspace/datasets/cremad/AudioWAV/1002_IEO_ANG_LO.wav,cremad,angry,angry,0,0.4172610085992439,0.3420204085130555,0.20011411382734906,0.04060446906035141
/workspace/datasets/cremad/AudioWAV/1002_IEO_ANG_MD.wav,cremad,angry,angry,0,0.7023271883345413,0.18425335612100313,0.07605570818070817,0.03736374736374736
/workspace/datasets/cremad/AudioWAV/1002_IEO_HAP_HI.wav,cremad,happy,angry,0,0.4025680104880348,0.3325938191318933,0.19826279656416637,0.06657537381590564
/workspace/datasets/cremad/AudioWAV/1002_IEO_HAP_LO.wav,cremad,happy,neutral,2,0.14458064733533424,0.2551938454022412,0.4239220909007819,0.17630341636164257
/workspace/datasets/cremad/AudioWAV/1002_IEO_HAP_MD.wav,cremad,happy,happy,1,0.3202006154460706,0.32117972041342585,0.295402070943639,0.06321759319686454
/workspace/datasets/cremad/AudioWAV/1002_IEO_NEU_XX.wav,cremad,neutral,neutral,2,0.0992503163100989,0.197531538162467,0.37779259740771587,0.32542554811971813
/workspace/datasets/cremad/AudioWAV/1002_IEO_SAD_HI.wav,cremad,sad,neutral,2,0.07727080016496074,0.13861869946620073,0.4009497341658846,0.3831607662029539
/workspace/datasets/cremad/AudioWAV/1002_IEO_SAD_LO.wav,cremad,sad,sad,3,0.04979565439569734,0.15941617241808548,0.39173618056262527,0.3990519926235921
/workspace/datasets/cremad/AudioWAV/1002_IEO_SAD_MD.wav,cremad,sad,neutral,2,0.08839787989787987,0.18342374292374292,0.4399230228835491,0.28825535429482796
/workspace/datasets/cremad/AudioWAV/1002_IOM_ANG_XX.wav,cremad,angry,angry,0,0.62512012987013,0.2621897546897547,0.07944300144300147,0.033247113997114
/workspace/datasets/cremad/AudioWAV/1002_IOM_HAP_XX.wav,cremad,happy,happy,1,0.1872163836163836,0.4046673881673882,0.3400466033966033,0.06806962481962484
/workspace/datasets/cremad/AudioWAV/1002_IOM_NEU_XX.wav,cremad,neutral,neutral,2,0.12740817282133068,0.23680122216964317,0.3792420950394635,0.2565485099695626
/workspace/datasets/cremad/AudioWAV/1002_IOM_SAD_XX.wav,cremad,sad,neutral,2,0.08154596105648737,0.2604937773475745,0.44965767959990965,0.20830258199602839
/workspace/datasets/cremad/AudioWAV/1002_ITH_ANG_XX.wav,cremad,angry,angry,0,0.5378441835941836,0.2752342657342657,0.16069549894549895,0.026226051726051726
/workspace/datasets/cremad/AudioWAV/1002_ITH_HAP_XX.wav,cremad,happy,angry,0,0.4991405955155956,0.31546855663169215,0.16697814944001382,0.018412698412698412
/workspace/datasets/cremad/AudioWAV/1002_ITH_NEU_XX.wav,cremad,neutral,neutral,2,0.0988020159578983,0.28036114082878777,0.36670542104071513,0.25413142217259865
/workspace/datasets/cremad/AudioWAV/1002_ITH_SAD_XX.wav,cremad,sad,neutral,2,0.12128625497469545,0.21094079571439345,0.4384712470611922,0.2293017022497187
/workspace/datasets/cremad/AudioWAV/1002_ITS_ANG_XX.wav,cremad,angry,angry,0,0.3543317057942057,0.29445297757797756,0.2743637307137307,0.0768515859140859
/workspace/datasets/cremad/AudioWAV/1002_ITS_HAP_XX.wav,cremad,happy,angry,0,0.43289125859520594,0.3101672399238189,0.20962175178622547,0.047319749694749697
/workspace/datasets/cremad/AudioWAV/1002_ITS_NEU_XX.wav,cremad,neutral,neutral,2,0.1170309829059829,0.2356566905316905,0.39652131202131224,0.2507910145410146
/workspace/datasets/cremad/AudioWAV/1002_ITS_SAD_XX.wav,cremad,sad,sad,3,0.06975231201546989,0.2284560856570778,0.29901056465558296,0.40278103767186946
/workspace/datasets/cremad/AudioWAV/1002_IWL_ANG_XX.wav,cremad,angry,happy,1,0.28683311102131326,0.41777160370840155,0.25253690753690744,0.04285837773337773
/workspace/datasets/cremad/AudioWAV/1002_IWL_HAP_XX.wav,cremad,happy,happy,1,0.2974766429333035,0.3695832030190125,0.26929546575746666,0.06364468829021748
/workspace/datasets/cremad/AudioWAV/1002_IWL_NEU_XX.wav,cremad,neutral,neutral,2,0.10687495247720627,0.2815952063512803,0.41783945659537863,0.19369038457613466
/workspace/datasets/cremad/AudioWAV/1002_IWL_SAD_XX.wav,cremad,sad,neutral,2,0.1072505713535245,0.2814418852707132,0.4504525188024609,0.16085502457330145
/workspace/datasets/cremad/AudioWAV/1002_IWW_ANG_XX.wav,cremad,angry,angry,0,0.4972147313470843,0.31622568118156347,0.1570180375180375,0.02954154995331466
/workspace/datasets/cremad/AudioWAV/1002_IWW_HAP_XX.wav,cremad,happy,angry,0,0.5170201383583737,0.2969322066822067,0.1327002482811306,0.053347406678289036
/workspace/datasets/cremad/AudioWAV/1002_IWW_NEU_XX.wav,cremad,neutral,neutral,2,0.17541875371467902,0.23878184901354074,0.33284319756813957,0.25295619970364064
/workspace/datasets/cremad/AudioWAV/1002_IWW_SAD_XX.wav,cremad,sad,neutral,2,0.09349078187893978,0.225555463344937,0.40164924641898314,0.27930450835713994
/workspace/datasets/cremad/AudioWAV/1002_MTI_ANG_XX.wav,cremad,angry,angry,0,0.3922495143745144,0.29449130036630033,0.2672036297036297,0.04605555555555555
/workspace/datasets/cremad/AudioWAV/1002_MTI_HAP_XX.wav,cremad,happy,angry,0,0.37490770340770346,0.31960076443164676,0.2057378830320006,0.09975364912864912
/workspace/datasets/cremad/AudioWAV/1002_MTI_NEU_XX.wav,cremad,neutral,neutral,2,0.11077916518923493,0.2068630506701369,0.43215203290703535,0.25020575123359284
/workspace/datasets/cremad/AudioWAV/1002_MTI_SAD_XX.wav,cremad,sad,neutral,2,0.11663126252687268,0.2525881565583964,0.4146597080269247,0.21612087288780618
/workspace/datasets/cremad/AudioWAV/1002_TAI_ANG_XX.wav,cremad,angry,angry,0,0.4772143820232058,0.3130165537077301,0.1841197413697413,0.0256493228993229
/workspace/datasets/cremad/AudioWAV/1002_TAI_HAP_XX.wav,cremad,happy,angry,0,0.6373297929817268,0.21906196320560972,0.1114245294300543,0.032183714382609405
/workspace/datasets/cremad/AudioWAV/1002_TAI_NEU_XX.wav,cremad,neutral,neutral,2,0.10497902201158016,0.25397159531578134,0.362041742896394,0.2790076397762444
/workspace/datasets/cremad/AudioWAV/1002_TAI_SAD_XX.wav,cremad,sad,neutral,2,0.11716028748923066,0.23159095869045088,0.5139581205933951,0.13729063322692325
/workspace/datasets/cremad/AudioWAV/1002_TIE_ANG_XX.wav,cremad,angry,angry,0,0.7663483322233321,0.1584159729159729,0.06313529526029525,0.012100399600399596
/workspace/datasets/cremad/AudioWAV/1002_TIE_HAP_XX.wav,cremad,happy,angry,0,0.48205924630924635,0.3832764229234817,0.1204482413011825,0.014216089466089465
/workspace/datasets/cremad/AudioWAV/1002_TIE_SAD_XX.wav,cremad,sad,angry,0,0.4126422494172493,0.26570866633366635,0.2786802475302475,0.04296883671883672
/workspace/datasets/cremad/AudioWAV/1002_TSI_ANG_XX.wav,cremad,angry,angry,0,0.3950736763236764,0.26290584415584417,0.28682933732933735,0.05519114219114216
/workspace/datasets/cremad/AudioWAV/1002_TSI_HAP_XX.wav,cremad,happy,angry,0,0.4612698412698412,0.36828771228771223,0.13965978465978468,0.03078266178266179
/workspace/datasets/cremad/AudioWAV/1002_TSI_NEU_XX.wav,cremad,neutral,neutral,2,0.15707934038247873,0.2841494103488435,0.3556992801097467,0.203071969158931
/workspace/datasets/cremad/AudioWAV/1002_TSI_SAD_XX.wav,cremad,sad,neutral,2,0.10685124597624598,0.24312591575091566,0.36576261238761243,0.28426022588522587
/workspace/datasets/cremad/AudioWAV/1002_WSI_ANG_XX.wav,cremad,angry,angry,0,0.5937815436197789,0.22829258241758246,0.1364890705699529,0.04143680339268574
/workspace/datasets/cremad/AudioWAV/1002_WSI_HAP_XX.wav,cremad,happy,angry,0,0.3972156870906871,0.3579596375846377,0.20202128427128424,0.04280339105339105
/workspace/datasets/cremad/AudioWAV/1002_WSI_NEU_XX.wav,cremad,neutral,neutral,2,0.19490223811276447,0.24501182735393254,0.3976910903424059,0.1623948441908968
/workspace/datasets/cremad/AudioWAV/1002_WSI_SAD_XX.wav,cremad,sad,happy,1,0.17327930239694947,0.3232253147179617,0.2787247417615065,0.22477064112358225
/workspace/datasets/cremad/AudioWAV/1003_DFA_ANG_XX.wav,cremad,angry,angry,0,0.6109437506937505,0.29217182817182813,0.08413070263070263,0.012753718503718502
/workspace/datasets/cremad/AudioWAV/1003_DFA_HAP_XX.wav,cremad,happy,angry,0,0.39489599727757635,0.34562425220977866,0.22834683299156971,0.031132917521075422
/workspace/datasets/cremad/AudioWAV/1003_DFA_NEU_XX.wav,cremad,neutral,neutral,2,0.1866707749954384,0.2865366574979487,0.36854411021455086,0.15824845729206194
/workspace/datasets/cremad/AudioWAV/1003_DFA_SAD_XX.wav,cremad,sad,neutral,2,0.12338888369694817,0.2094015975231256,0.392463877763085,0.2747456410168412
/workspace/datasets/cremad/AudioWAV/1003_IEO_ANG_HI.wav,cremad,angry,angry,0,0.41259815184815174,0.3558906926406926,0.18850835275835276,0.04300280275280276
/workspace/datasets/cremad/AudioWAV/1003_IEO_ANG_LO.wav,cremad,angry,angry,0,0.41313130496954026,0.3082561131678779,0.21368259518259516,0.06492998667998667
/workspace/datasets/cremad/AudioWAV/1003_IEO_ANG_MD.wav,cremad,angry,angry,0,0.5637744616494619,0.27334880397380396,0.1363409090909091,0.026535825285825286
/workspace/datasets/cremad/AudioWAV/1003_IEO_HAP_HI.wav,cremad,happy,neutral,2,0.19363693428645984,0.2949449027674834,0.4506870982591098,0.06073106468694703
/workspace/datasets/cremad/AudioWAV/1003_IEO_HAP_LO.wav,cremad,happy,neutral,2,0.1110392680514329,0.28362799434560737,0.3643681188319274,0.24096461877103245
/workspace/datasets/cremad/AudioWAV/1003_IEO_HAP_MD.wav,cremad,happy,happy,1,0.2942887070366909,0.37855690725045577,0.2785237038946716,0.04863068181818182
/workspace/datasets/cremad/AudioWAV/1003_IEO_NEU_XX.wav,cremad,neutral,neutral,2,0.11224152783710638,0.2458107450514349,0.5259062353498013,0.11604149176165737
/workspace/datasets/cremad/AudioWAV/1003_IEO_SAD_HI.wav,cremad,sad,sad,3,0.047952868097028666,0.1647952091562837,0.35682756387659453,0.43042435887009317
/workspace/datasets/cremad/AudioWAV/1003_IEO_SAD_LO.wav,cremad,sad,neutral,2,0.06949543756896698,0.16578034465534464,0.38463912313177034,0.3800850946439182
/workspace/datasets/cremad/AudioWAV/1003_IEO_SAD_MD.wav,cremad,sad,neutral,2,0.060399445963606545,0.16297344118836818,0.5272293401422234,0.2493977727058019
/workspace/datasets/cremad/AudioWAV/1003_IOM_ANG_XX.wav,cremad,angry,happy,1,0.42358277833277824,0.43441731879231876,0.11515191752691756,0.02684798534798535
/workspace/datasets/cremad/AudioWAV/1003_IOM_HAP_XX.wav,cremad,happy,neutral,2,0.21785372900046812,0.35123139239987067,0.35601686477773437,0.07489801382192686
/workspace/datasets/cremad/AudioWAV/1003_IOM_NEU_XX.wav,cremad,neutral,neutral,2,0.28695489739942565,0.3364137032935916,0.33993720496725915,0.03669419433972353
/workspace/datasets/cremad/AudioWAV/1003_IOM_SAD_XX.wav,cremad,sad,neutral,2,0.09432407185671927,0.22516201999800803,0.4011383828344675,0.279375525310805
/workspace/datasets/cremad/AudioWAV/1003_ITH_ANG_XX.wav,cremad,angry,angry,0,0.5590328560328561,0.32971256521256526,0.08276859251859252,0.02848598623598624
/workspace/datasets/cremad/AudioWAV/1003_ITH_HAP_XX.wav,cremad,happy,happy,1,0.2862484393625698,0.39339459407458144,0.27502731010819237,0.04532965645465645
/workspace/datasets/cremad/AudioWAV/1003_ITH_NEU_XX.wav,cremad,neutral,happy,1,0.3108827473802693,0.3954784307250183,0.2486607694971767,0.04497805239753566
/workspace/datasets/cremad/AudioWAV/1003_ITH_SAD_XX.wav,cremad,sad,neutral,2,0.1362956946963139,0.24803181543831698,0.36718212440580866,0.24849036545956055
/workspace/datasets/cremad/AudioWAV/1003_ITS_ANG_XX.wav,cremad,angry,angry,0,0.5963367800500154,0.2532944180003003,0.12506099864188103,0.025307803307803307
/workspace/datasets/cremad/AudioWAV/1003_ITS_HAP_XX.wav,cremad,happy,angry,0,0.31320973815475095,0.2904878598663766,0.3042718511394981,0.09203055083937435
/workspace/datasets/cremad/AudioWAV/1003_ITS_NEU_XX.wav,cremad,neutral,neutral,2,0.16147714987111272,0.2578717360038008,0.421006737569958,0.1596443765551285
/workspace/datasets/cremad/AudioWAV/1003_ITS_SAD_XX.wav,cremad,sad,sad,3,0.07754028097506357,0.22785981685438197,0.3240914378088291,0.37050846436172513
/workspace/datasets/cremad/AudioWAV/1003_IWL_ANG_XX.wav,cremad,angry,angry,0,0.6660120631002985,0.25708879029467263,0.06075703871292106,0.01614210789210789
/workspace/datasets/cremad/AudioWAV/1003_IWL_HAP_XX.wav,cremad,happy,happy,1,0.3082594237212881,0.39477052061329504,0.25597488417024544,0.04099517149517149
/workspace/datasets/cremad/AudioWAV/1003_IWL_NEU_XX.wav,cremad,neutral,neutral,2,0.18513734309995655,0.37318232470063384,0.39623792845455563,0.045442403744853956
/workspace/datasets/cremad/AudioWAV/1003_IWL_SAD_XX.wav,cremad,sad,neutral,2,0.08596507181006828,0.16637078347948756,0.5241950432680196,0.2234691014424248
/workspace/datasets/cremad/AudioWAV/1003_IWW_ANG_XX.wav,cremad,angry,angry,0,0.448623792873793,0.40700127650127654,0.10230927405927406,0.04206565656565656
/workspace/datasets/cremad/AudioWAV/1003_IWW_HAP_XX.wav,cremad,happy,angry,0,0.4807832425744191,0.3350132016676134,0.14419125988390694,0.040012295874060584
/workspace/datasets/cremad/AudioWAV/1003_IWW_NEU_XX.wav,cremad,neutral,neutral,2,0.12822442795385952,0.2736741937985754,0.4905886585566897,0.10751271969087545
/workspace/datasets/cremad/AudioWAV/1003_IWW_SAD_XX.wav,cremad,sad,neutral,2,0.07867934159538637,0.22167189390211778,0.4913594576650546,0.20828930683744115
/workspace/datasets/cremad/AudioWAV/1003_MTI_ANG_XX.wav,cremad,angry,angry,0,0.6164543650793651,0.27390895215895217,0.07598931623931623,0.03364736652236652
/workspace/datasets/cremad/AudioWAV/1003_MTI_HAP_XX.wav,cremad,happy,neutral,2,0.2277922355422355,0.285160422910423,0.408012987012987,0.07903435453435453
/workspace/datasets/cremad/AudioWAV/1003_MTI_NEU_XX.wav,cremad,neutral,neutral,2,0.15372979256494576,0.3065087889329838,0.41166260883220823,0.12809880966986228
/workspace/datasets/cremad/AudioWAV/1003_MTI_SAD_XX.wav,cremad,sad,neutral,2,0.11937747179786015,0.21786226683065452,0.4487594899079284,0.21400077146355684
/workspace/datasets/cremad/AudioWAV/1003_TAI_ANG_XX.wav,cremad,angry,angry,0,0.6183126638583295,0.3043216046509389,0.0703141441891442,0.007051587301587302
/workspace/datasets/cremad/AudioWAV/1003_TAI_HAP_XX.wav,cremad,happy,angry,0,0.44735583860583866,0.2561873156083683,0.2258116177261814,0.07064522805961163
/workspace/datasets/cremad/AudioWAV/1003_TAI_NEU_XX.wav,cremad,neutral,neutral,2,0.26581475403908217,0.3381486911695398,0.3594097510395743,0.03662680375180376
/workspace/datasets/cremad/AudioWAV/1003_TAI_SAD_XX.wav,cremad,sad,neutral,2,0.14679553116881497,0.24830357290202426,0.4923609860092462,0.11253990991991465
/workspace/datasets/cremad/AudioWAV/1003_TIE_ANG_XX.wav,cremad,angry,angry,0,0.5956664081532502,0.27235003373819155,0.10398033910533913,0.028003219003219004
/workspace/datasets/cremad/AudioWAV/1003_TIE_HAP_XX.wav,cremad,happy,happy,1,0.19421308078419317,0.3658501796765711,0.35441445198180055,0.08552228755743534
/workspace/datasets/cremad/AudioWAV/1003_TIE_NEU_XX.wav,cremad,neutral,neutral,2,0.2382070203612229,0.27281250478088664,0.43446985113597436,0.054510623721915945
/workspace/datasets/cremad/AudioWAV/1003_TIE_SAD_XX.wav,cremad,sad,sad,3,0.11902225062519178,0.2499776791835615,0.3038992921617782,0.32710077802946835
/workspace/datasets/cremad/AudioWAV/1003_TSI_ANG_XX.wav,cremad,angry,angry,0,0.34273344259799365,0.3297004515951884,0.2219808602130583,0.10558524559375955
/workspace/datasets/cremad/AudioWAV/1003_TSI_HAP_XX.wav,cremad,happy,neutral,2,0.14202487045118622,0.237322496217233,0.3857218900982059,0.23493074323337482
/workspace/datasets/cremad/AudioWAV/1003_TSI_NEU_XX.wav,cremad,neutral,neutral,2,0.17280782683414259,0.228232519189756,0.4019386589833569,0.19702099499274423
/workspace/datasets/cremad/AudioWAV/1003_TSI_SAD_XX.wav,cremad,sad,neutral,2,0.0748582930227667,0.21423410021191022,0.41300932488811604,0.29789828187720685
/workspace/datasets/cremad/AudioWAV/1003_WSI_ANG_XX.wav,cremad,angry,angry,0,0.6752301309801311,0.22666011766011773,0.08038888888888886,0.01772086247086247
/workspace/datasets/cremad/AudioWAV/1003_WSI_HAP_XX.wav,cremad,happy,happy,1,0.3054853757353757,0.37695828191416425,0.2510770716211892,0.06647927072927073
/workspace/datasets/cremad/AudioWAV/1003_WSI_NEU_XX.wav,cremad,neutral,neutral,2,0.24271007184023383,0.21265497711726788,0.3710667280403824,0.17356822300211583
/workspace/datasets/cremad/AudioWAV/1003_WSI_SAD_XX.wav,cremad,sad,neutral,2,0.12928678542819408,0.22046342788641546,0.41929377555685604,0.23095601112853437
/workspace/datasets/cremad/AudioWAV/1004_DFA_ANG_XX.wav,cremad,angry,angry,0,0.6643850663225662,0.19783626096126095,0.11903219003219005,0.01874648268398268
/workspace/datasets/cremad/AudioWAV/1004_DFA_HAP_XX.wav,cremad,happy,angry,0,0.38098353443941685,0.3505924908424907,0.24167992709904468,0.026744047619047626
/workspace/datasets/cremad/AudioWAV/1004_DFA_NEU_XX.wav,cremad,neutral,neutral,2,0.22336408036408043,0.2860733155733155,0.3402892385392386,0.15027336552336554
/workspace/datasets/cremad/AudioWAV/1004_DFA_SAD_XX.wav,cremad,sad,sad,3,0.06611332131920367,0.16500010108839866,0.31433677826549206,0.45454979932690553
/workspace/datasets/cremad/AudioWAV/1004_IEO_ANG_HI.wav,cremad,angry,angry,0,0.7024424603174603,0.21471663059163051,0.06968181818181816,0.013159090909090908
/workspace/datasets/cremad/AudioWAV/1004_IEO_ANG_LO.wav,cremad,angry,angry,0,0.5744406875803935,0.2631897514250455,0.14260765623265625,0.019761904761904762
/workspace/datasets/cremad/AudioWAV/1004_IEO_ANG_MD.wav,cremad,angry,angry,0,0.5764908424908426,0.2879635364635364,0.09923756798756798,0.03630805305805306
/workspace/datasets/cremad/AudioWAV/1004_IEO_HAP_HI.wav,cremad,happy,angry,0,0.5377612665112664,0.3706459145429733,0.06647655122655122,0.025116267719208895
/workspace/datasets/cremad/AudioWAV/1004_IEO_HAP_LO.wav,cremad,happy,neutral,2,0.14170103799009767,0.2439442335390387,0.3800840823683,0.2342706461025634
/workspace/datasets/cremad/AudioWAV/1004_IEO_HAP_MD.wav,cremad,happy,happy,1,0.3215484654234655,0.3550157203907205,0.2803547008547008,0.04308111333111334
/workspace/datasets/cremad/AudioWAV/1004_IEO_NEU_XX.wav,cremad,neutral,neutral,2,0.16347299386209652,0.24057814631464328,0.42864121879920214,0.16730764102405815
/workspace/datasets/cremad/AudioWAV/1004_IEO_SAD_HI.wav,cremad,sad,sad,3,0.07568683114271349,0.18228182137373314,0.3230978092081034,0.41893353827545016
/workspace/datasets/cremad/AudioWAV/1004_IEO_SAD_LO.wav,cremad,sad,neutral,2,0.05805043042772542,0.18910308449200733,0.4643399474182828,0.2885065376619844
/workspace/datasets/cremad/AudioWAV/1004_IEO_SAD_MD.wav,cremad,sad,sad,3,0.06870806807571513,0.1865205611382082,0.29589284408402056,0.4488785267020564
/workspace/datasets/cremad/AudioWAV/1004_IOM_ANG_XX.wav,cremad,angry,happy,1,0.35494006271506273,0.3724129265557285,0.21857415303135116,0.054072857697857704
/workspace/datasets/cremad/AudioWAV/1004_IOM_HAP_XX.wav,cremad,happy,angry,0,0.3840547244830333,0.35278281563208025,0.2198558763540381,0.043306583530848236
/workspace/datasets/cremad/AudioWAV/1004_IOM_NEU_XX.wav,cremad,neutral,sad,3,0.07814396551161255,0.2183194030607719,0.3356406408568203,0.3678959905707951
/workspace/datasets/cremad/AudioWAV/1004_IOM_SAD_XX.wav,cremad,sad,neutral,2,0.05822715756895325,0.24418888774972825,0.3693239267944078,0.3282600278869108
/workspace/datasets/cremad/AudioWAV/1004_ITH_ANG_XX.wav,cremad,angry,angry,0,0.619875235875236,0.24559965034965037,0.11808488733488734,0.016440226440226437
/workspace/datasets/cremad/AudioWAV/1004_ITH_HAP_XX.wav,cremad,happy,neutral,2,0.16662830144690435,0.2772398714242813,0.32933750356775165,0.2267943235610625
/workspace/datasets/cremad/AudioWAV/1004_ITH_NEU_XX.wav,cremad,neutral,neutral,2,0.21500533973728508,0.2776971524433795,0.3472915992435555,0.16000590857577987
/workspace/datasets/cremad/AudioWAV/1004_ITH_SAD_XX.wav,cremad,sad,sad,3,0.07738984778400836,0.2018415372589642,0.29847959044747363,0.42228902450955375
/workspace/datasets/cremad/AudioWAV/1004_ITS_ANG_XX.wav,cremad,angry,angry,0,0.527583543090896,0.26804998188086426,0.17587924983513217,0.02848722519310755
/workspace/datasets/cremad/AudioWAV/1004_ITS_HAP_XX.wav,cremad,happy,neutral,2,0.17404503858993445,0.32675695573688274,0.33529285154161703,0.16390515413156567
/workspace/datasets/cremad/AudioWAV/1004_ITS_NEU_XX.wav,cremad,neutral,neutral,2,0.23397656071998166,0.30558451124898495,0.3225696445367497,0.13786928349428348
/workspace/datasets/cremad/AudioWAV/1004_ITS_SAD_XX.wav,cremad,sad,happy,1,0.0938753031813907,0.327481980682049,0.2549959814682797,0.3236467346682806
/workspace/datasets/cremad/AudioWAV/1004_IWL_ANG_XX.wav,cremad,angry,angry,0,0.6476483100233099,0.22531246531246535,0.11730645743145741,0.009732767232767232
/workspace/datasets/cremad/AudioWAV/1004_IWL_HAP_XX.wav,cremad,happy,happy,1,0.22133327783327789,0.49302826340326333,0.2585272366522366,0.027111222111222112
/workspace/datasets/cremad/AudioWAV/1004_IWL_NEU_XX.wav,cremad,neutral,neutral,2,0.21398025401362053,0.25492910486393705,0.44230440607045574,0.08878623505198661
/workspace/datasets/cremad/AudioWAV/1004_IWL_SAD_XX.wav,cremad,sad,happy,1,0.3007220308714913,0.3348084783729706,0.31106189478463514,0.053407595970903
/workspace/datasets/cremad/AudioWAV/1004_IWW_ANG_XX.wav,cremad,angry,angry,0,0.3583760101010101,0.32448983866375164,0.2639479450501189,0.05318620618511924
/workspace/datasets/cremad/AudioWAV/1004_IWW_HAP_XX.wav,cremad,happy,neutral,2,0.1108016830423057,0.25429161398741296,0.40589955678646605,0.2290071461838153
/workspace/datasets/cremad/AudioWAV/1004_IWW_NEU_XX.wav,cremad,neutral,neutral,2,0.15236673362479813,0.2231520046167753,0.48887793212729547,0.135603329631131
/workspace/datasets/cremad/AudioWAV/1004_IWW_SAD_XX.wav,cremad,sad,sad,3,0.06833205017099701,0.20556608079710548,0.3416990214665737,0.38440284756532395
/workspace/datasets/cremad/AudioWAV/1004_MTI_ANG_XX.wav,cremad,angry,angry,0,0.41904556554556543,0.3296275391275391,0.17366197691197693,0.07766491841491842
/workspace/datasets/cremad/AudioWAV/1004_MTI_HAP_XX.wav,cremad,happy,neutral,2,0.10408890570811619,0.24766568949764298,0.4669959525140376,0.18124945228020323
/workspace/datasets/cremad/AudioWAV/1004_MTI_NEU_XX.wav,cremad,neutral,neutral,2,0.13766474899051012,0.2561398887364299,0.5155958089582214,0.09059955331483856
/workspace/datasets/cremad/AudioWAV/1004_MTI_SAD_XX.wav,cremad,sad,neutral,2,0.08955192752829898,0.19625541436972366,0.42142519739935463,0.29276746070262266
/workspace/datasets/cremad/AudioWAV/1004_TAI_ANG_XX.wav,cremad,angry,angry,0,0.42756908369408364,0.28782301032301033,0.23782904595404594,0.046778860028860024
/workspace/datasets/cremad/AudioWAV/1004_TAI_HAP_XX.wav,cremad,happy,neutral,2,0.1368540303365885,0.26740712328946714,0.36974974157149804,0.2259891048024463
/workspace/datasets/cremad/AudioWAV/1004_TAI_NEU_XX.wav,cremad,neutral,neutral,2,0.15612065756451182,0.33367805010261065,0.4053837221236478,0.10481757020922965
/workspace/datasets/cremad/AudioWAV/1004_TAI_SAD_XX.wav,cremad,sad,neutral,2,0.07262564430614293,0.23466401655228936,0.3750926343979305,0.31761770474363726
/workspace/datasets/cremad/AudioWAV/1004_TIE_ANG_XX.wav,cremad,angry,angry,0,0.7257829686653219,0.19144491456256166,0.06794635919635918,0.014825757575757577
/workspace/datasets/cremad/AudioWAV/1004_TIE_HAP_XX.wav,cremad,happy,angry,0,0.4262405464905463,0.32702803726487933,0.21709216660532443,0.029639249639249642
/workspace/datasets/cremad/AudioWAV/1004_TIE_NEU_XX.wav,cremad,neutral,neutral,2,0.15496733369989188,0.2615978543420403,0.35653699830341423,0.22689781365465359
/workspace/datasets/cremad/AudioWAV/1004_TIE_SAD_XX.wav,cremad,sad,sad,3,0.0629727051400459,0.19519710581827232,0.33283742942642114,0.40899275961526077
/workspace/datasets/cremad/AudioWAV/1004_TSI_ANG_XX.wav,cremad,angry,angry,0,0.480200524557142,0.28736844119932353,0.19039618714618708,0.042034847097347096
/workspace/datasets/cremad/AudioWAV/1004_TSI_HAP_XX.wav,cremad,happy,neutral,2,0.21183681158023265,0.26187563679011044,0.3518708572129626,0.17441669441669444
/workspace/datasets/cremad/AudioWAV/1004_TSI_NEU_XX.wav,cremad,neutral,neutral,2,0.18252820347751095,0.33341439927372013,0.33451572339540847,0.14954167385336048
/workspace/datasets/cremad/AudioWAV/1004_TSI_SAD_XX.wav,cremad,sad,sad,3,0.08214232989232989,0.1752958494208494,0.3581989196989197,0.3843629009879011
/workspace/datasets/cremad/AudioWAV/1004_WSI_ANG_XX.wav,cremad,angry,angry,0,0.4897335605570899,0.3233205487323134,0.123066298081004,0.06387959262959263
/workspace/datasets/cremad/AudioWAV/1004_WSI_HAP_XX.wav,cremad,happy,angry,0,0.5696636002886002,0.25105591630591634,0.14782066544566547,0.03145981795981796
/workspace/datasets/cremad/AudioWAV/1004_WSI_NEU_XX.wav,cremad,neutral,angry,0,0.3328436696154087,0.2836770855955638,0.32466682763831356,0.05881241715071375
/workspace/datasets/cremad/AudioWAV/1004_WSI_SAD_XX.wav,cremad,sad,sad,3,0.07658513708513709,0.1755355610980611,0.318417132042132,0.4294621697746699
/workspace/datasets/cremad/AudioWAV/1005_DFA_ANG_XX.wav,cremad,angry,angry,0,0.45161865911865895,0.3753966311466313,0.15959643134643137,0.013388278388278387
/workspace/datasets/cremad/AudioWAV/1005_DFA_HAP_XX.wav,cremad,happy,angry,0,0.5165607413419913,0.278342692030192,0.17307447066822065,0.03202209595959595
/workspace/datasets/cremad/AudioWAV/1005_DFA_NEU_XX.wav,cremad,neutral,angry,0,0.36120968552431415,0.27052173948342684,0.3344776488131751,0.03379092617908407
/workspace/datasets/cremad/AudioWAV/1005_DFA_SAD_XX.wav,cremad,sad,neutral,2,0.13235582370845528,0.253674786874632,0.39644515615103865,0.2175242332658741
/workspace/datasets/cremad/AudioWAV/1005_IEO_ANG_HI.wav,cremad,angry,angry,0,0.5331402625152625,0.3023243978243977,0.1314339965589966,0.0331013431013431
/workspace/datasets/cremad/AudioWAV/1005_IEO_ANG_LO.wav,cremad,angry,neutral,2,0.2148664631374598,0.18076969445170324,0.4789348864084851,0.125428956002352
/workspace/datasets/cremad/AudioWAV/1005_IEO_ANG_MD.wav,cremad,angry,happy,1,0.3263788493788493,0.3784223139709982,0.2544569546582704,0.040741881991881994
/workspace/datasets/cremad/AudioWAV/1005_IEO_HAP_HI.wav,cremad,happy,angry,0,0.40659402280725815,0.3125068444627268,0.24047344730432965,0.04042568542568542
/workspace/datasets/cremad/AudioWAV/1005_IEO_HAP_LO.wav,cremad,happy,neutral,2,0.08178931885108355,0.2428207235660795,0.3663516105239789,0.3090383470588579
/workspace/datasets/cremad/AudioWAV/1005_IEO_HAP_MD.wav,cremad,happy,neutral,2,0.19980894652871503,0.2346512772655072,0.4396975381529245,0.12584223805285324
/workspace/datasets/cremad/AudioWAV/1005_IEO_NEU_XX.wav,cremad,neutral,neutral,2,0.07833886521115624,0.2373409694064682,0.40503614421633477,0.27928402116604073
/workspace/datasets/cremad/AudioWAV/1005_IEO_SAD_HI.wav,cremad,sad,neutral,2,0.14492267606683662,0.21099647498955984,0.4525569503169388,0.1915238986266646
/workspace/datasets/cremad/AudioWAV/1005_IEO_SAD_LO.wav,cremad,sad,sad,3,0.049088966588966595,0.17452050942162026,0.3228664620214367,0.45352406196797657
/workspace/datasets/cremad/AudioWAV/1005_IEO_SAD_MD.wav,cremad,sad,neutral,2,0.11747619047619048,0.19138811952448306,0.39732192013876516,0.29381376986056135
/workspace/datasets/cremad/AudioWAV/1005_IOM_ANG_XX.wav,cremad,angry,angry,0,0.5268139931963461,0.35657465676738115,0.08850020301336091,0.028111147022911728
/workspace/datasets/cremad/AudioWAV/1005_IOM_HAP_XX.wav,cremad,happy,happy,1,0.3453894789850672,0.38136138697903404,0.21516865079365086,0.058080483242247946
/workspace/datasets/cremad/AudioWAV/1005_IOM_NEU_XX.wav,cremad,neutral,neutral,2,0.07493232036842529,0.2208589643157177,0.523044954534811,0.18116376078104582
/workspace/datasets/cremad/AudioWAV/1005_IOM_SAD_XX.wav,cremad,sad,sad,3,0.04639101584689819,0.22674186827127996,0.34639990009107663,0.38046721579074516
/workspace/datasets/cremad/AudioWAV/1005_ITH_ANG_XX.wav,cremad,angry,angry,0,0.5059921848984349,0.25292417998668,0.1979879044566544,0.043095730658230656
/workspace/datasets/cremad/AudioWAV/1005_ITH_HAP_XX.wav,cremad,happy,happy,1,0.3182886079398814,0.3919400996849416,0.23971086668975147,0.05006042568542567
/workspace/datasets/cremad/AudioWAV/1005_ITH_NEU_XX.wav,cremad,neutral,neutral,2,0.21685325447989537,0.3283199431041293,0.40641637283769816,0.04841042957827714
/workspace/datasets/cremad/AudioWAV/1005_ITH_SAD_XX.wav,cremad,sad,neutral,2,0.17717496471696553,0.24610025398917695,0.4183570166235873,0.15836776467027022
/workspace/datasets/cremad/AudioWAV/1005_ITS_ANG_XX.wav,cremad,angry,angry,0,0.4638293805867335,0.3487975953784778,0.12802472527472528,0.059348298760063464
/workspace/datasets/cremad/AudioWAV/1005_ITS_HAP_XX.wav,cremad,happy,angry,0,0.4639580580238475,0.34178600493074174,0.1540886876281613,0.040167249417249425
/workspace/datasets/cremad/AudioWAV/1005_ITS_NEU_XX.wav,cremad,neutral,neutral,2,0.3061260017760017,0.23915652403152396,0.38115457875457875,0.07356289543789545
/workspace/datasets/cremad/AudioWAV/1005_ITS_SAD_XX.wav,cremad,sad,neutral,2,0.18703660833346322,0.24903648905838685,0.4913890587312122,0.0725378438769379
/workspace/datasets/cremad/AudioWAV/1005_IWL_ANG_XX.wav,cremad,angry,happy,1,0.34280727605727607,0.4723424353424354,0.13997528860028857,0.044875000000000005
/workspace/datasets/cremad/AudioWAV/1005_IWL_HAP_XX.wav,cremad,happy,neutral,2,0.2466431032246971,0.34997866972440034,0.3594084020730131,0.04396982497788949
/workspace/datasets/cremad/AudioWAV/1005_IWL_NEU_XX.wav,cremad,neutral,happy,1,0.10836419565835625,0.4486321207679302,0.3733741361414561,0.06962954743225748
/workspace/datasets/cremad/AudioWAV/1005_IWL_SAD_XX.wav,cremad,sad,neutral,2,0.08836684426684427,0.2325928515928516,0.4478385336885337,0.23120177045177037
/workspace/datasets/cremad/AudioWAV/1005_IWW_ANG_XX.wav,cremad,angry,neutral,2,0.12942568907364305,0.2778330820571869,0.3949398154133448,0.19780141345582516
/workspace/datasets/cremad/AudioWAV/1005_IWW_HAP_XX.wav,cremad,happy,neutral,2,0.1555910894660894,0.3213988927738928,0.3713765678765678,0.15163344988344987
/workspace/datasets/cremad/AudioWAV/1005_IWW_NEU_XX.wav,cremad,neutral,neutral,2,0.1143413430501987,0.2537986922843813,0.5289587748298883,0.10290118983553162
/workspace/datasets/cremad/AudioWAV/1005_IWW_SAD_XX.wav,cremad,sad,neutral,2,0.11201905294577165,0.20061195419922512,0.48102090417230847,0.20634808868269466
/workspace/datasets/cremad/AudioWAV/1005_MTI_ANG_XX.wav,cremad,angry,happy,1,0.27802350481762256,0.4562407916157916,0.20545667241255475,0.060279031154031146
/workspace/datasets/cremad/AudioWAV/1005_MTI_HAP_XX.wav,cremad,happy,happy,1,0.3307898470610695,0.3569764126648677,0.26693302396528196,0.045300716308780825
/workspace/datasets/cremad/AudioWAV/1005_MTI_NEU_XX.wav,cremad,neutral,neutral,2,0.08657753357753356,0.23591688866688856,0.4756121656121656,0.2018934121434121
/workspace/datasets/cremad/AudioWAV/1005_MTI_SAD_XX.wav,cremad,sad,neutral,2,0.10273129958299762,0.2480872710459752,0.5272565094114572,0.12192491995956999
/workspace/datasets/cremad/AudioWAV/1005_TAI_ANG_XX.wav,cremad,angry,angry,0,0.40171687408452117,0.2928151527122115,0.2494749760043877,0.05599299719887954
/workspace/datasets/cremad/AudioWAV/1005_TAI_HAP_XX.wav,cremad,happy,neutral,2,0.1636845654345655,0.32719205794205797,0.3975904095904096,0.111532967032967
