file_path,dataset,label,pred_label,pred_label_enc,proba_angry,proba_happy,proba_neutral,proba_sad
/workspace/datasets/cremad/AudioWAV/1001_DFA_ANG_XX.wav,cremad,angry,neutral,2,0.33729125073874716,0.13184788019798765,0.3993175961288041,0.1315432729344612
/workspace/datasets/cremad/AudioWAV/1001_DFA_HAP_XX.wav,cremad,happy,angry,0,0.40124965762244413,0.19779843627295773,0.4009519061045981,0.0
/workspace/datasets/cremad/AudioWAV/1001_DFA_NEU_XX.wav,cremad,neutral,angry,0,0.33244981324438844,0.19956097042979412,0.2697774319514994,0.19821178437431808
/workspace/datasets/cremad/AudioWAV/1001_DFA_SAD_XX.wav,cremad,sad,sad,3,0.13185171616140912,0.20125520519959034,0.20076142643380773,0.4661316522051929
/workspace/datasets/cremad/AudioWAV/1001_IEO_ANG_HI.wav,cremad,angry,angry,0,0.5979436604749587,0.20461659824457576,0.19743974128046557,0.0
/workspace/datasets/cremad/AudioWAV/1001_IEO_ANG_LO.wav,cremad,angry,neutral,2,0.06796766597732136,0.2636652896755645,0.6015866708493901,0.06678037349772407
/workspace/datasets/cremad/AudioWAV/1001_IEO_ANG_MD.wav,cremad,angry,angry,0,0.5349868234365298,0.33362146830867007,0.13139170825480015,0.0
/workspace/datasets/cremad/AudioWAV/1001_IEO_HAP_HI.wav,cremad,happy,happy,1,0.3318712229682046,0.3947687544024871,0.27336002262930825,0.0
/workspace/datasets/cremad/AudioWAV/1001_IEO_HAP_LO.wav,cremad,happy,neutral,2,0.39537067675929666,0.06709796250147665,0.5375313607392266,0.0
/workspace/datasets/cremad/AudioWAV/1001_IEO_HAP_MD.wav,cremad,happy,neutral,2,0.4002276356988807,0.13313492706894825,0.466637437232171,0.0
/workspace/datasets/cremad/AudioWAV/1001_IEO_NEU_XX.wav,cremad,neutral,neutral,2,0.2066605130578958,0.13119116419119453,0.39702769295492757,0.2651206297959821
/workspace/datasets/cremad/AudioWAV/1001_IEO_SAD_HI.wav,cremad,sad,angry,0,0.33026061380368354,0.13249486305962868,0.26587743573213185,0.27136708740455573
/workspace/datasets/cremad/AudioWAV/1001_IEO_SAD_LO.wav,cremad,sad,sad,3,0.06650148678849599,0.19843938133375866,0.1350428261202871,0.6000163057574581
/workspace/datasets/cremad/AudioWAV/1001_IEO_SAD_MD.wav,cremad,sad,sad,3,0.06503881905879462,0.06535236043840024,0.2676451859517983,0.6019636345510068
/workspace/datasets/cremad/AudioWAV/1001_IOM_ANG_XX.wav,cremad,angry,neutral,2,0.33005054925579513,0.13089594163859125,0.3395379663677883,0.1995155427378254
/workspace/datasets/cremad/AudioWAV/1001_IOM_HAP_XX.wav,cremad,happy,neutral,2,0.3375215989551651,0.06634496383610688,0.5279507828398227,0.06818265436890533
/workspace/datasets/cremad/AudioWAV/1001_IOM_NEU_XX.wav,cremad,neutral,neutral,2,0.1360093538784225,0.20318017755907786,0.46317021682145076,0.19764025174104904
/workspace/datasets/cremad/AudioWAV/1001_IOM_SAD_XX.wav,cremad,sad,neutral,2,0.0,0.19898868237997183,0.470794266606667,0.3302170510133612
/workspace/datasets/cremad/AudioWAV/1001_ITH_ANG_XX.wav,cremad,angry,angry,0,0.46544342625681223,0.2665584940014877,0.2679980797417001,0.0
/workspace/datasets/cremad/AudioWAV/1001_ITH_HAP_XX.wav,cremad,happy,angry,0,0.6000378624711273,0.13193558391849397,0.26802655361037864,0.0
/workspace/datasets/cremad/AudioWAV/1001_ITH_NEU_XX.wav,cremad,neutral,happy,1,0.13402248146001589,0.4675561823113836,0.3984213362286005,0.0
/workspace/datasets/cremad/AudioWAV/1001_ITH_SAD_XX.wav,cremad,sad,sad,3,0.0,0.19665748227413232,0.13325400093908374,0.6700885167867839
/workspace/datasets/cremad/AudioWAV/1001_ITS_ANG_XX.wav,cremad,angry,neutral,2,0.1961521364162919,0.26895587040114083,0.4677642265385285,0.06712776664403873
/workspace/datasets/cremad/AudioWAV/1001_ITS_HAP_XX.wav,cremad,happy,neutral,2,0.3335757718885534,0.13065278498769128,0.46937781477695734,0.06639362834679798
/workspace/datasets/cremad/AudioWAV/1001_ITS_NEU_XX.wav,cremad,neutral,angry,0,0.33444602747309427,0.2660724381547876,0.26793980102747894,0.13154173334463917
/workspace/datasets/cremad/AudioWAV/1001_ITS_SAD_XX.wav,cremad,sad,angry,0,0.39538457500119467,0.2660810394185554,0.13610144861530585,0.20243293696494416
/workspace/datasets/cremad/AudioWAV/1001_IWL_ANG_XX.wav,cremad,angry,happy,1,0.33214561966977035,0.46430183576053763,0.20355254456969202,0.0
/workspace/datasets/cremad/AudioWAV/1001_IWL_HAP_XX.wav,cremad,happy,happy,1,0.26603074478712385,0.4627650464854562,0.2712042087274199,0.0
/workspace/datasets/cremad/AudioWAV/1001_IWL_NEU_XX.wav,cremad,neutral,happy,1,0.20374394607571872,0.4653657143684364,0.3308903395558449,0.0
/workspace/datasets/cremad/AudioWAV/1001_IWL_SAD_XX.wav,cremad,sad,neutral,2,0.0,0.3363680338734605,0.40250024471465917,0.2611317214118804
/workspace/datasets/cremad/AudioWAV/1001_IWW_ANG_XX.wav,cremad,angry,angry,0,0.3979849983881767,0.26659069106722877,0.33542431054459454,0.0
/workspace/datasets/cremad/AudioWAV/1001_IWW_HAP_XX.wav,cremad,happy,angry,0,0.33491764872909274,0.3343423919901235,0.26552531657683565,0.06521464270394811
/workspace/datasets/cremad/AudioWAV/1001_IWW_NEU_XX.wav,cremad,neutral,happy,1,0.3340015864148902,0.3983598691958435,0.13595856489835462,0.13167997949091176
/workspace/datasets/cremad/AudioWAV/1001_IWW_SAD_XX.wav,cremad,sad,sad,3,0.13291526380983446,0.06686081831060049,0.39806548682898435,0.4021584310505808
/workspace/datasets/cremad/AudioWAV/1001_MTI_ANG_XX.wav,cremad,angry,angry,0,0.532291537129021,0.26850618395310943,0.19920227891786954,0.0
/workspace/datasets/cremad/AudioWAV/1001_MTI_HAP_XX.wav,cremad,happy,happy,1,0.33927469505692875,0.39616295186796413,0.19712342789465814,0.06743892518044892
/workspace/datasets/cremad/AudioWAV/1001_MTI_NEU_XX.wav,cremad,neutral,neutral,2,0.3376995997433662,0.1978232046470888,0.464477195609545,0.0
/workspace/datasets/cremad/AudioWAV/1001_MTI_SAD_XX.wav,cremad,sad,neutral,2,0.19673111314520844,0.19633261857226586,0.6069362682825257,0.0
/workspace/datasets/cremad/AudioWAV/1001_TAI_ANG_XX.wav,cremad,angry,happy,1,0.2672411703055255,0.5341434628820313,0.19861536681244324,0.0
/workspace/datasets/cremad/AudioWAV/1001_TAI_HAP_XX.wav,cremad,happy,happy,1,0.26833562324890753,0.39873082918177233,0.33293354756932014,0.0
/workspace/datasets/cremad/AudioWAV/1001_TAI_NEU_XX.wav,cremad,neutral,neutral,2,0.33092819813624724,0.20271720692557715,0.40120583490948336,0.06514876002869217
/workspace/datasets/cremad/AudioWAV/1001_TAI_SAD_XX.wav,cremad,sad,sad,3,0.066271580696724,0.33298478988912,0.20265819560698511,0.39808543380717093
/workspace/datasets/cremad/AudioWAV/1001_TIE_ANG_XX.wav,cremad,angry,happy,1,0.32846808304592495,0.33352387227306707,0.26758289158818516,0.07042515309282292
/workspace/datasets/cremad/AudioWAV/1001_TIE_HAP_XX.wav,cremad,happy,angry,0,0.47032665614571223,0.132667447170136,0.3970058966841516,0.0
/workspace/datasets/cremad/AudioWAV/1001_TIE_NEU_XX.wav,cremad,neutral,neutral,2,0.13674848489042832,0.2018148066966494,0.4633889474052604,0.19804776100766192
/workspace/datasets/cremad/AudioWAV/1001_TIE_SAD_XX.wav,cremad,sad,sad,3,0.13264222767358735,0.26777902476085114,0.2624101245437917,0.33716862302176975
/workspace/datasets/cremad/AudioWAV/1001_TSI_ANG_XX.wav,cremad,angry,neutral,2,0.19281468707892319,0.26744547292452314,0.47417389632899676,0.06556594366755684
/workspace/datasets/cremad/AudioWAV/1001_TSI_HAP_XX.wav,cremad,happy,neutral,2,0.19873601528503246,0.06770927596036844,0.7335547087545992,0.0
/workspace/datasets/cremad/AudioWAV/1001_TSI_NEU_XX.wav,cremad,neutral,neutral,2,0.1328737058448157,0.2625744448225118,0.5389825569292903,0.06556929240338233
/workspace/datasets/cremad/AudioWAV/1001_TSI_SAD_XX.wav,cremad,sad,sad,3,0.3292166401015155,0.2683607996929068,0.06696275765819308,0.33545980254738456
/workspace/datasets/cremad/AudioWAV/1001_WSI_ANG_XX.wav,cremad,angry,happy,1,0.3343776147714184,0.4645475700711903,0.20107481515739126,0.0
/workspace/datasets/cremad/AudioWAV/1001_WSI_HAP_XX.wav,cremad,happy,angry,0,0.3975817441741684,0.264550682229664,0.33786757359616754,0.0
/workspace/datasets/cremad/AudioWAV/1001_WSI_NEU_XX.wav,cremad,neutral,happy,1,0.33573953405672696,0.39792399829620784,0.26633646764706526,0.0
/workspace/datasets/cremad/AudioWAV/1001_WSI_SAD_XX.wav,cremad,sad,neutral,2,0.2653882196053708,0.32745868069964346,0.34104393500645025,0.06610916468853559
/workspace/datasets/cremad/AudioWAV/1002_DFA_ANG_XX.wav,cremad,angry,angry,0,0.7387706261067319,0.19559304768674934,0.0656363262065187,0.0
/workspace/datasets/cremad/AudioWAV/1002_DFA_HAP_XX.wav,cremad,happy,angry,0,0.39505111901980566,0.19805304440300783,0.3370996943708972,0.06979614220628937
/workspace/datasets/cremad/AudioWAV/1002_DFA_NEU_XX.wav,cremad,neutral,sad,3,0.13224161649745758,0.20099862048909758,0.1354605615024867,0.5312992015109581
/workspace/datasets/cremad/AudioWAV/1002_DFA_SAD_XX.wav,cremad,sad,sad,3,0.0656981864095153,0.1311056430894633,0.20303404186561436,0.6001621286354071
/workspace/datasets/cremad/AudioWAV/1002_IEO_ANG_HI.wav,cremad,angry,angry,0,0.5318654562306117,0.06854170456364554,0.39959283920574273,0.0
/workspace/datasets/cremad/AudioWAV/1002_IEO_ANG_LO.wav,cremad,angry,angry,0,0.532789107600127,0.26141777306343916,0.20579311933643396,0.0
/workspace/datasets/cremad/AudioWAV/1002_IEO_ANG_MD.wav,cremad,angry,angry,0,0.7336063582696066,0.1315949694463417,0.1347986722840517,0.0
/workspace/datasets/cremad/AudioWAV/1002_IEO_HAP_HI.wav,cremad,happy,neutral,2,0.33017975798452226,0.2658301669485453,0.3384416914056272,0.06554838366130522
/workspace/datasets/cremad/AudioWAV/1002_IEO_HAP_LO.wav,cremad,happy,sad,3,0.2631410464736453,0.26622843563549375,0.19824082123545445,0.27238969665540663
/workspace/datasets/cremad/AudioWAV/1002_IEO_HAP_MD.wav,cremad,happy,angry,0,0.46444986610266076,0.13475893589544366,0.3349458852438167,0.06584531275807899
/workspace/datasets/cremad/AudioWAV/1002_IEO_NEU_XX.wav,cremad,neutral,sad,3,0.1991290169847336,0.2043724509892199,0.13586395677948554,0.460634575246561
/workspace/datasets/cremad/AudioWAV/1002_IEO_SAD_HI.wav,cremad,sad,sad,3,0.0,0.13255151982421523,0.0676901339371493,0.7997583462386354
/workspace/datasets/cremad/AudioWAV/1002_IEO_SAD_LO.wav,cremad,sad,sad,3,0.0,0.19950912663966996,0.19816853899769538,0.6023223343626346
/workspace/datasets/cremad/AudioWAV/1002_IEO_SAD_MD.wav,cremad,sad,sad,3,0.0,0.26487927743310175,0.20079485484214718,0.5343258677247511
/workspace/datasets/cremad/AudioWAV/1002_IOM_ANG_XX.wav,cremad,angry,angry,0,0.4697639199624424,0.3994488544155234,0.0653031610612672,0.06548406456076694
/workspace/datasets/cremad/AudioWAV/1002_IOM_HAP_XX.wav,cremad,happy,happy,1,0.1317191643593111,0.5358228831241051,0.3324579525165838,0.0
/workspace/datasets/cremad/AudioWAV/1002_IOM_NEU_XX.wav,cremad,neutral,sad,3,0.0,0.3351998566178911,0.26473260989922365,0.4000675334828853
/workspace/datasets/cremad/AudioWAV/1002_IOM_SAD_XX.wav,cremad,sad,neutral,2,0.0,0.26783137241041616,0.4628917819860055,0.26927684560357845
/workspace/datasets/cremad/AudioWAV/1002_ITH_ANG_XX.wav,cremad,angry,neutral,2,0.3954993827361443,0.20035723650855378,0.40414338075530193,0.0
/workspace/datasets/cremad/AudioWAV/1002_ITH_HAP_XX.wav,cremad,happy,angry,0,0.4660386695523316,0.1317787020794865,0.4021826283681819,0.0
/workspace/datasets/cremad/AudioWAV/1002_ITH_NEU_XX.wav,cremad,neutral,sad,3,0.13658883500366206,0.3297777853808661,0.13544462640080976,0.39818875321466213
/workspace/datasets/cremad/AudioWAV/1002_ITH_SAD_XX.wav,cremad,sad,sad,3,0.26686305457442955,0.1984684815236867,0.1333481994238537,0.40132026447803004
/workspace/datasets/cremad/AudioWAV/1002_ITS_ANG_XX.wav,cremad,angry,angry,0,0.4665573270385571,0.40287320013657124,0.06514357827645609,0.0654258945484155
/workspace/datasets/cremad/AudioWAV/1002_ITS_HAP_XX.wav,cremad,happy,angry,0,0.5946598872815868,0.133635456138549,0.20478936940437734,0.06691528717548688
/workspace/datasets/cremad/AudioWAV/1002_ITS_NEU_XX.wav,cremad,neutral,sad,3,0.2021597481331327,0.26252880836338766,0.26597689833351545,0.26933454516996413
/workspace/datasets/cremad/AudioWAV/1002_ITS_SAD_XX.wav,cremad,sad,sad,3,0.0,0.2706015098656122,0.19908710998678683,0.5303113801476009
/workspace/datasets/cremad/AudioWAV/1002_IWL_ANG_XX.wav,cremad,angry,happy,1,0.33397588729908184,0.39788824998991595,0.26813586271100226,0.0
/workspace/datasets/cremad/AudioWAV/1002_IWL_HAP_XX.wav,cremad,happy,angry,0,0.5400451757982885,0.32858912465349943,0.13136569954821212,0.0
/workspace/datasets/cremad/AudioWAV/1002_IWL_NEU_XX.wav,cremad,neutral,neutral,2,0.0,0.2006347871491332,0.40333286612525715,0.3960323467256098
/workspace/datasets/cremad/AudioWAV/1002_IWL_SAD_XX.wav,cremad,sad,neutral,2,0.0,0.3284686760836602,0.34500560902784416,0.3265257148884957
/workspace/datasets/cremad/AudioWAV/1002_IWW_ANG_XX.wav,cremad,angry,angry,0,0.5954852693988635,0.26466604457313236,0.1398486860280042,0.0
/workspace/datasets/cremad/AudioWAV/1002_IWW_HAP_XX.wav,cremad,happy,angry,0,0.5322438935879044,0.2643959178856392,0.13761488239027758,0.06574530613617886
/workspace/datasets/cremad/AudioWAV/1002_IWW_NEU_XX.wav,cremad,neutral,neutral,2,0.20586084713183683,0.26464095840345486,0.3296071867916652,0.19989100767304313
/workspace/datasets/cremad/AudioWAV/1002_IWW_SAD_XX.wav,cremad,sad,sad,3,0.13280053350796275,0.2636282741045313,0.20293848109689017,0.4006327112906158
/workspace/datasets/cremad/AudioWAV/1002_MTI_ANG_XX.wav,cremad,angry,neutral,2,0.12877646190850783,0.2622152867632754,0.6090082513282168,0.0
/workspace/datasets/cremad/AudioWAV/1002_MTI_HAP_XX.wav,cremad,happy,neutral,2,0.2656972703828868,0.19789477271297834,0.33310565625143485,0.20330230065270005
/workspace/datasets/cremad/AudioWAV/1002_MTI_NEU_XX.wav,cremad,neutral,neutral,2,0.06823299131757164,0.3293328538065985,0.40059780485982577,0.2018363500160041
/workspace/datasets/cremad/AudioWAV/1002_MTI_SAD_XX.wav,cremad,sad,happy,1,0.0665095424779966,0.3367314874134183,0.27077854904910104,0.325980421059484
/workspace/datasets/cremad/AudioWAV/1002_TAI_ANG_XX.wav,cremad,angry,angry,0,0.5327454552163208,0.2627679072363688,0.2044866375473105,0.0
/workspace/datasets/cremad/AudioWAV/1002_TAI_HAP_XX.wav,cremad,happy,neutral,2,0.33404399419271036,0.3286414240699833,0.3373145817373063,0.0
/workspace/datasets/cremad/AudioWAV/1002_TAI_NEU_XX.wav,cremad,neutral,sad,3,0.13399665284502532,0.26358265488291904,0.19595378199789598,0.4064669102741596
/workspace/datasets/cremad/AudioWAV/1002_TAI_SAD_XX.wav,cremad,sad,happy,1,0.2665252290085331,0.334774994506125,0.331763980840299,0.06693579564504287
/workspace/datasets/cremad/AudioWAV/1002_TIE_ANG_XX.wav,cremad,angry,angry,0,0.4063346713520019,0.2642228792216381,0.3294424494263599,0.0
/workspace/datasets/cremad/AudioWAV/1002_TIE_HAP_XX.wav,cremad,happy,happy,1,0.1365058908287256,0.45884630280111605,0.33626479738412157,0.06838300898603684
/workspace/datasets/cremad/AudioWAV/1002_TIE_SAD_XX.wav,cremad,sad,neutral,2,0.2802291318956442,0.25915875737944144,0.46061211072491437,0.0
/workspace/datasets/cremad/AudioWAV/1002_TSI_ANG_XX.wav,cremad,angry,neutral,2,0.334889800432849,0.3290523054259819,0.33605789414116916,0.0
/workspace/datasets/cremad/AudioWAV/1002_TSI_HAP_XX.wav,cremad,happy,neutral,2,0.33442226832700156,0.2651541500978622,0.40042358157513624,0.0
/workspace/datasets/cremad/AudioWAV/1002_TSI_NEU_XX.wav,cremad,neutral,angry,0,0.40450715146811234,0.19964010018628475,0.19715298248484137,0.19869976586076157
/workspace/datasets/cremad/AudioWAV/1002_TSI_SAD_XX.wav,cremad,sad,angry,0,0.46594030603327746,0.20059568799549254,0.19809123213844904,0.13537277383278093
/workspace/datasets/cremad/AudioWAV/1002_WSI_ANG_XX.wav,cremad,angry,angry,0,0.4719330254483915,0.1992683368621111,0.3287986376894974,0.0
/workspace/datasets/cremad/AudioWAV/1002_WSI_HAP_XX.wav,cremad,happy,angry,0,0.4001361265658841,0.2005365886290378,0.3334974364885223,0.06582984831655575
/workspace/datasets/cremad/AudioWAV/1002_WSI_NEU_XX.wav,cremad,neutral,angry,0,0.4033499079943845,0.262550949879878,0.13166999709260074,0.20242914503313672
/workspace/datasets/cremad/AudioWAV/1002_WSI_SAD_XX.wav,cremad,sad,angry,0,0.33575833363883995,0.26720032228293494,0.19685365858013615,0.200187685498089
/workspace/datasets/cremad/AudioWAV/1003_DFA_ANG_XX.wav,cremad,angry,angry,0,0.47434437349533415,0.39387757305534493,0.13177805344932095,0.0
/workspace/datasets/cremad/AudioWAV/1003_DFA_HAP_XX.wav,cremad,happy,neutral,2,0.3292621659039292,0.2626251824289121,0.40811265166715877,0.0
/workspace/datasets/cremad/AudioWAV/1003_DFA_NEU_XX.wav,cremad,neutral,happy,1,0.2682472336678077,0.39721882913460854,0.2639285957755144,0.07060534142206921
/workspace/datasets/cremad/AudioWAV/1003_DFA_SAD_XX.wav,cremad,sad,sad,3,0.0,0.26525442881892775,0.26868764305243814,0.46605792812863406
/workspace/datasets/cremad/AudioWAV/1003_IEO_ANG_HI.wav,cremad,angry,angry,0,0.6686710858820554,0.0669213127268877,0.26440760139105685,0.0
/workspace/datasets/cremad/AudioWAV/1003_IEO_ANG_LO.wav,cremad,angry,neutral,2,0.2676664777693117,0.06617065992771591,0.5353188513420266,0.13084401096094586
/workspace/datasets/cremad/AudioWAV/1003_IEO_ANG_MD.wav,cremad,angry,happy,1,0.334019589825809,0.39811054569213494,0.2016835171377432,0.06618634734431272
/workspace/datasets/cremad/AudioWAV/1003_IEO_HAP_HI.wav,cremad,happy,angry,0,0.5968070853295621,0.1335295978214485,0.2696633168489894,0.0
/workspace/datasets/cremad/AudioWAV/1003_IEO_HAP_LO.wav,cremad,happy,happy,1,0.33268928096980943,0.3959642696256504,0.13378756565571945,0.1375588837488209
/workspace/datasets/cremad/AudioWAV/1003_IEO_HAP_MD.wav,cremad,happy,happy,1,0.26546754997908206,0.39916762704767517,0.3353648229732427,0.0
/workspace/datasets/cremad/AudioWAV/1003_IEO_NEU_XX.wav,cremad,neutral,happy,1,0.19681863915984127,0.338734470320384,0.3334405892237124,0.13100630129606228
/workspace/datasets/cremad/AudioWAV/1003_IEO_SAD_HI.wav,cremad,sad,sad,3,0.0,0.1373295064643768,0.13153341400620314,0.7311370795294201
/workspace/datasets/cremad/AudioWAV/1003_IEO_SAD_LO.wav,cremad,sad,sad,3,0.0,0.1348512563385824,0.26436286925936414,0.6007858744020534
/workspace/datasets/cremad/AudioWAV/1003_IEO_SAD_MD.wav,cremad,sad,sad,3,0.0,0.26659447001137443,0.19935726538583382,0.5340482646027918
/workspace/datasets/cremad/AudioWAV/1003_IOM_ANG_XX.wav,cremad,angry,happy,1,0.33850009316225377,0.46454034860688453,0.19695955823086164,0.0
/workspace/datasets/cremad/AudioWAV/1003_IOM_HAP_XX.wav,cremad,happy,neutral,2,0.2007544940236006,0.13042283472772806,0.6688226712486713,0.0
/workspace/datasets/cremad/AudioWAV/1003_IOM_NEU_XX.wav,cremad,neutral,angry,0,0.4019411569533175,0.26578459853164693,0.3322742445150357,0.0
/workspace/datasets/cremad/AudioWAV/1003_IOM_SAD_XX.wav,cremad,sad,sad,3,0.0,0.13566589475330387,0.20142906247882558,0.6629050427678705
/workspace/datasets/cremad/AudioWAV/1003_ITH_ANG_XX.wav,cremad,angry,happy,1,0.20611742454460297,0.5310701013938659,0.26281247406153113,0.0
/workspace/datasets/cremad/AudioWAV/1003_ITH_HAP_XX.wav,cremad,happy,happy,1,0.19757682612509336,0.466921334282993,0.3355018395919137,0.0
/workspace/datasets/cremad/AudioWAV/1003_ITH_NEU_XX.wav,cremad,neutral,neutral,2,0.39417392644220234,0.2019428860114652,0.4038831875463324,0.0
/workspace/datasets/cremad/AudioWAV/1003_ITH_SAD_XX.wav,cremad,sad,happy,1,0.13075562446221395,0.3987760880974754,0.2013593340646819,0.2691089533756287
/workspace/datasets/cremad/AudioWAV/1003_ITS_ANG_XX.wav,cremad,angry,angry,0,0.6684078190754977,0.13198896627134526,0.19960321465315709,0.0
/workspace/datasets/cremad/AudioWAV/1003_ITS_HAP_XX.wav,cremad,happy,angry,0,0.3998293676034708,0.2669942282441511,0.2663653293984255,0.06681107475395252
/workspace/datasets/cremad/AudioWAV/1003_ITS_NEU_XX.wav,cremad,neutral,neutral,2,0.13159489516025616,0.265032689096644,0.32817397743713067,0.27519843830596913
/workspace/datasets/cremad/AudioWAV/1003_ITS_SAD_XX.wav,cremad,sad,sad,3,0.0,0.3314285310149889,0.07122673984551177,0.5973447291394993
/workspace/datasets/cremad/AudioWAV/1003_IWL_ANG_XX.wav,cremad,angry,happy,1,0.33364773128093955,0.532887215060699,0.13346505365836148,0.0
/workspace/datasets/cremad/AudioWAV/1003_IWL_HAP_XX.wav,cremad,happy,neutral,2,0.4025526239662044,0.0,0.5974473760337957,0.0
/workspace/datasets/cremad/AudioWAV/1003_IWL_NEU_XX.wav,cremad,neutral,happy,1,0.2671214366365131,0.5337517780302555,0.19912678533323142,0.0
/workspace/datasets/cremad/AudioWAV/1003_IWL_SAD_XX.wav,cremad,sad,sad,3,0.0,0.32860058077091353,0.27396907303495793,0.3974303461941286
/workspace/datasets/cremad/AudioWAV/1003_IWW_ANG_XX.wav,cremad,angry,happy,1,0.2643544510808011,0.5975354367197202,0.1381101121994787,0.0
/workspace/datasets/cremad/AudioWAV/1003_IWW_HAP_XX.wav,cremad,happy,neutral,2,0.32953579430398405,0.2629482224029882,0.33894175164463564,0.06857423164839213
/workspace/datasets/cremad/AudioWAV/1003_IWW_NEU_XX.wav,cremad,neutral,neutral,2,0.26509382023274847,0.26862703659908627,0.32986872079265955,0.13641042237550582
/workspace/datasets/cremad/AudioWAV/1003_IWW_SAD_XX.wav,cremad,sad,sad,3,0.06619481077283397,0.3967220276160936,0.07206031173499615,0.4650228498760762
/workspace/datasets/cremad/AudioWAV/1003_MTI_ANG_XX.wav,cremad,angry,angry,0,0.402378160896658,0.39932206168752227,0.06586911824765627,0.13243065916816338
/workspace/datasets/cremad/AudioWAV/1003_MTI_HAP_XX.wav,cremad,happy,neutral,2,0.33039840743969817,0.19972316238090135,0.4698784301794005,0.0
/workspace/datasets/cremad/AudioWAV/1003_MTI_NEU_XX.wav,cremad,neutral,sad,3,0.26554898939778604,0.2019365291414835,0.2635829107295536,0.2689315707311769
/workspace/datasets/cremad/AudioWAV/1003_MTI_SAD_XX.wav,cremad,sad,happy,1,0.06655803315279765,0.3342268909472217,0.26775253216247447,0.3314625437375062
/workspace/datasets/cremad/AudioWAV/1003_TAI_ANG_XX.wav,cremad,angry,angry,0,0.4712816769384034,0.397534183062159,0.13118413999943765,0.0
/workspace/datasets/cremad/AudioWAV/1003_TAI_HAP_XX.wav,cremad,happy,neutral,2,0.3273226543852115,0.2707605323955315,0.40191681321925693,0.0
/workspace/datasets/cremad/AudioWAV/1003_TAI_NEU_XX.wav,cremad,neutral,neutral,2,0.2658711529132978,0.2707920204754437,0.46333682661125847,0.0
/workspace/datasets/cremad/AudioWAV/1003_TAI_SAD_XX.wav,cremad,sad,happy,1,0.20526327271139175,0.463678163067099,0.33105856422150925,0.0
/workspace/datasets/cremad/AudioWAV/1003_TIE_ANG_XX.wav,cremad,angry,angry,0,0.46641746050469074,0.33303099462969166,0.20055154486561766,0.0
/workspace/datasets/cremad/AudioWAV/1003_TIE_HAP_XX.wav,cremad,happy,happy,1,0.2623854603192114,0.3380155152032283,0.33439089183013704,0.06520813264742319
/workspace/datasets/cremad/AudioWAV/1003_TIE_NEU_XX.wav,cremad,neutral,neutral,2,0.3308732825516095,0.1991568123020559,0.40289922057223043,0.06707068457410419
/workspace/datasets/cremad/AudioWAV/1003_TIE_SAD_XX.wav,cremad,sad,sad,3,0.13149668905706377,0.33161667410503665,0.13473920383629395,0.4021474330016056
/workspace/datasets/cremad/AudioWAV/1003_TSI_ANG_XX.wav,cremad,angry,angry,0,0.46889842256686054,0.33303090788861345,0.12943389807772465,0.06863677146680126
/workspace/datasets/cremad/AudioWAV/1003_TSI_HAP_XX.wav,cremad,happy,neutral,2,0.1979836793130281,0.1977922403451549,0.3308049657031891,0.27341911463862795
/workspace/datasets/cremad/AudioWAV/1003_TSI_NEU_XX.wav,cremad,neutral,neutral,2,0.13261433243507978,0.13960798903985958,0.5232782578321662,0.2044994206928945
/workspace/datasets/cremad/AudioWAV/1003_TSI_SAD_XX.wav,cremad,sad,sad,3,0.0,0.26088420661011685,0.3337572027868133,0.40535859060306983
/workspace/datasets/cremad/AudioWAV/1003_WSI_ANG_XX.wav,cremad,angry,angry,0,0.6704602831359215,0.19795406513463723,0.13158565172944117,0.0
/workspace/datasets/cremad/AudioWAV/1003_WSI_HAP_XX.wav,cremad,happy,angry,0,0.4658917458150722,0.2702599571941336,0.1989011820854129,0.06494711490538138
/workspace/datasets/cremad/AudioWAV/1003_WSI_NEU_XX.wav,cremad,neutral,happy,1,0.1353654326546706,0.39501594820128394,0.3270165712699972,0.14260204787404826
/workspace/datasets/cremad/AudioWAV/1003_WSI_SAD_XX.wav,cremad,sad,sad,3,0.06348031155445007,0.26281048252589256,0.3311991179726817,0.34251008794697574
/workspace/datasets/cremad/AudioWAV/1004_DFA_ANG_XX.wav,cremad,angry,angry,0,0.5314576654238782,0.0,0.4685423345761219,0.0
/workspace/datasets/cremad/AudioWAV/1004_DFA_HAP_XX.wav,cremad,happy,neutral,2,0.327221627815835,0.14341236935285223,0.5293660028313126,0.0
/workspace/datasets/cremad/AudioWAV/1004_DFA_NEU_XX.wav,cremad,neutral,happy,1,0.2652837635588371,0.46450328026378446,0.20172525800483593,0.0684876981725425
/workspace/datasets/cremad/AudioWAV/1004_DFA_SAD_XX.wav,cremad,sad,sad,3,0.0,0.19645622695619722,0.13207470801545376,0.671469065028349
/workspace/datasets/cremad/AudioWAV/1004_IEO_ANG_HI.wav,cremad,angry,angry,0,0.6746778871788504,0.32532211282114964,0.0,0.0
/workspace/datasets/cremad/AudioWAV/1004_IEO_ANG_LO.wav,cremad,angry,neutral,2,0.26390115776040224,0.1995534278913881,0.3385314016577771,0.19801401269043245
/workspace/datasets/cremad/AudioWAV/1004_IEO_ANG_MD.wav,cremad,angry,happy,1,0.3994826753454075,0.534122046764289,0.06639527789030358,0.0
/workspace/datasets/cremad/AudioWAV/1004_IEO_HAP_HI.wav,cremad,happy,angry,0,0.6678237328274376,0.3321762671725624,0.0,0.0
/workspace/datasets/cremad/AudioWAV/1004_IEO_HAP_LO.wav,cremad,happy,sad,3,0.06636504238883524,0.3988742997077136,0.06764722040833662,0.4671134374951145
/workspace/datasets/cremad/AudioWAV/1004_IEO_HAP_MD.wav,cremad,happy,angry,0,0.4017684300600062,0.26930927047336856,0.3289222994666253,0.0
/workspace/datasets/cremad/AudioWAV/1004_IEO_NEU_XX.wav,cremad,neutral,neutral,2,0.12900899164566068,0.2732103391314349,0.33293789748975744,0.264842771733147
/workspace/datasets/cremad/AudioWAV/1004_IEO_SAD_HI.wav,cremad,sad,sad,3,0.0,0.20260581020575366,0.06610058154187104,0.7312936082523752
/workspace/datasets/cremad/AudioWAV/1004_IEO_SAD_LO.wav,cremad,sad,sad,3,0.0,0.13746723232256466,0.06946871905099095,0.7930640486264443
/workspace/datasets/cremad/AudioWAV/1004_IEO_SAD_MD.wav,cremad,sad,sad,3,0.0,0.27148953187770475,0.13220319180487916,0.5963072763174161
/workspace/datasets/cremad/AudioWAV/1004_IOM_ANG_XX.wav,cremad,angry,angry,0,0.4653592048594332,0.26577558134030366,0.2033880188941956,0.06547719490606761
/workspace/datasets/cremad/AudioWAV/1004_IOM_HAP_XX.wav,cremad,happy,happy,1,0.13854518837110247,0.5968696936555536,0.26458511797334383,0.0
/workspace/datasets/cremad/AudioWAV/1004_IOM_NEU_XX.wav,cremad,neutral,sad,3,0.06677984025690539,0.20139916985063946,0.2683900090298877,0.46343098086256745
/workspace/datasets/cremad/AudioWAV/1004_IOM_SAD_XX.wav,cremad,sad,sad,3,0.0,0.3316715787437531,0.1974290528767693,0.4708993683794777
/workspace/datasets/cremad/AudioWAV/1004_ITH_ANG_XX.wav,cremad,angry,angry,0,0.6686963852161272,0.13259263982100786,0.19871097496286497,0.0
/workspace/datasets/cremad/AudioWAV/1004_ITH_HAP_XX.wav,cremad,happy,angry,0,0.3295969999261491,0.2647311639074557,0.26722887791055666,0.13844295825583844
/workspace/datasets/cremad/AudioWAV/1004_ITH_NEU_XX.wav,cremad,neutral,angry,0,0.39794380041579314,0.265365414011039,0.13010654440666644,0.20658424116650137
/workspace/datasets/cremad/AudioWAV/1004_ITH_SAD_XX.wav,cremad,sad,sad,3,0.0,0.26839848105588476,0.2003738444705272,0.531227674473588
/workspace/datasets/cremad/AudioWAV/1004_ITS_ANG_XX.wav,cremad,angry,angry,0,0.7366363858134796,0.26336361418652043,0.0,0.0
/workspace/datasets/cremad/AudioWAV/1004_ITS_HAP_XX.wav,cremad,happy,happy,1,0.3342779366641208,0.3360566974279607,0.19811343898862163,0.13155192691929687
/workspace/datasets/cremad/AudioWAV/1004_ITS_NEU_XX.wav,cremad,neutral,angry,0,0.4629274193749716,0.26818826239031524,0.20254095101601308,0.06634336721870017
/workspace/datasets/cremad/AudioWAV/1004_ITS_SAD_XX.wav,cremad,sad,sad,3,0.1371372527000071,0.26256819551821314,0.20251415752085167,0.397780394260928
/workspace/datasets/cremad/AudioWAV/1004_IWL_ANG_XX.wav,cremad,angry,angry,0,0.8006440068229851,0.06669330153701998,0.13266269163999492,0.0
/workspace/datasets/cremad/AudioWAV/1004_IWL_HAP_XX.wav,cremad,happy,happy,1,0.20957886386486843,0.4607295223011903,0.3296916138339412,0.0
/workspace/datasets/cremad/AudioWAV/1004_IWL_NEU_XX.wav,cremad,neutral,happy,1,0.2653650317353867,0.40272566252786,0.33190930573675326,0.0
/workspace/datasets/cremad/AudioWAV/1004_IWL_SAD_XX.wav,cremad,sad,happy,1,0.27142855524182985,0.39518278247044464,0.2661379246658534,0.0672507376218721
/workspace/datasets/cremad/AudioWAV/1004_IWW_ANG_XX.wav,cremad,angry,neutral,2,0.26417421031915655,0.20157439958010973,0.5342513901007337,0.0
/workspace/datasets/cremad/AudioWAV/1004_IWW_HAP_XX.wav,cremad,happy,sad,3,0.0,0.33391231348812916,0.13555471413114764,0.5305329723807232
/workspace/datasets/cremad/AudioWAV/1004_IWW_NEU_XX.wav,cremad,neutral,happy,1,0.1341317913221983,0.40181334021215204,0.33203154649718075,0.13202332196846905
/workspace/datasets/cremad/AudioWAV/1004_IWW_SAD_XX.wav,cremad,sad,sad,3,0.0,0.19984301990857542,0.07146182423854977,0.7286951558528748
/workspace/datasets/cremad/AudioWAV/1004_MTI_ANG_XX.wav,cremad,angry,angry,0,0.39981965332023833,0.2647028523091853,0.3354774943705765,0.0
/workspace/datasets/cremad/AudioWAV/1004_MTI_HAP_XX.wav,cremad,happy,sad,3,0.06728216282549918,0.40288695082139164,0.06699219464232004,0.4628386917107892
/workspace/datasets/cremad/AudioWAV/1004_MTI_NEU_XX.wav,cremad,neutral,angry,0,0.3275568207568747,0.267770092973821,0.27050480682508715,0.13416827944421714
/workspace/datasets/cremad/AudioWAV/1004_MTI_SAD_XX.wav,cremad,sad,sad,3,0.0641140405937341,0.20588507426798636,0.13681838450653386,0.5931825006317457
/workspace/datasets/cremad/AudioWAV/1004_TAI_ANG_XX.wav,cremad,angry,angry,0,0.6675475352531131,0.1992338235114597,0.13321864123542734,0.0
/workspace/datasets/cremad/AudioWAV/1004_TAI_HAP_XX.wav,cremad,happy,sad,3,0.1311339228836165,0.331110436497965,0.13866438696764952,0.399091253650769
/workspace/datasets/cremad/AudioWAV/1004_TAI_NEU_XX.wav,cremad,neutral,happy,1,0.13538013714157857,0.5309076341616079,0.2628399241928857,0.0708723045039277
/workspace/datasets/cremad/AudioWAV/1004_TAI_SAD_XX.wav,cremad,sad,sad,3,0.13315046779324638,0.3275369177599884,0.13311408507919015,0.40619852936757517
/workspace/datasets/cremad/AudioWAV/1004_TIE_ANG_XX.wav,cremad,angry,angry,0,0.7344199482566198,0.19745173410738104,0.06812831763599919,0.0
/workspace/datasets/cremad/AudioWAV/1004_TIE_HAP_XX.wav,cremad,happy,neutral,2,0.32967870880586764,0.20398509678217158,0.4663361944119608,0.0
/workspace/datasets/cremad/AudioWAV/1004_TIE_NEU_XX.wav,cremad,neutral,sad,3,0.1978852235981502,0.2012534706183844,0.2003252623700903,0.40053604341337523
/workspace/datasets/cremad/AudioWAV/1004_TIE_SAD_XX.wav,cremad,sad,sad,3,0.0,0.06833309946385177,0.19794751709430444,0.7337193834418437
/workspace/datasets/cremad/AudioWAV/1004_TSI_ANG_XX.wav,cremad,angry,angry,0,0.5342409224122383,0.13530422791532015,0.2657220052291554,0.06473284444328634
/workspace/datasets/cremad/AudioWAV/1004_TSI_HAP_XX.wav,cremad,happy,angry,0,0.39821217943236664,0.2708395294143425,0.20044696054207192,0.13050133061121894
/workspace/datasets/cremad/AudioWAV/1004_TSI_NEU_XX.wav,cremad,neutral,angry,0,0.3940249958775919,0.2111777565522677,0.3300531655842945,0.06474408198584596
/workspace/datasets/cremad/AudioWAV/1004_TSI_SAD_XX.wav,cremad,sad,sad,3,0.1980126031435775,0.06947817692341907,0.26198040243096155,0.47052881750204184
/workspace/datasets/cremad/AudioWAV/1004_WSI_ANG_XX.wav,cremad,angry,angry,0,0.6651211629916937,0.06504088976608569,0.26983794724222065,0.0
/workspace/datasets/cremad/AudioWAV/1004_WSI_HAP_XX.wav,cremad,happy,angry,0,0.5956605065882118,0.2639710870885663,0.14036840632322187,0.0
/workspace/datasets/cremad/AudioWAV/1004_WSI_NEU_XX.wav,cremad,neutral,happy,1,0.26470601606152305,0.3944907342937718,0.2749551938322973,0.06584805581240791
/workspace/datasets/cremad/AudioWAV/1004_WSI_SAD_XX.wav,cremad,sad,sad,3,0.0,0.2032224919033289,0.13562021559989915,0.661157292496772
/workspace/datasets/cremad/AudioWAV/1005_DFA_ANG_XX.wav,cremad,angry,angry,0,0.4674241117568545,0.3302780555891055,0.20229783265404,0.0
/workspace/datasets/cremad/AudioWAV/1005_DFA_HAP_XX.wav,cremad,happy,angry,0,0.3971897948201579,0.2651147866930339,0.337695418486808,0.0
/workspace/datasets/cremad/AudioWAV/1005_DFA_NEU_XX.wav,cremad,neutral,neutral,2,0.20247692570053347,0.20046391881551118,0.5970591554839554,0.0
/workspace/datasets/cremad/AudioWAV/1005_DFA_SAD_XX.wav,cremad,sad,happy,1,0.06674225319633893,0.3987367113294047,0.33325881771158455,0.2012622177626719
/workspace/datasets/cremad/AudioWAV/1005_IEO_ANG_HI.wav,cremad,angry,angry,0,0.5329861266882275,0.26915578310182514,0.19785809020994732,0.0
/workspace/datasets/cremad/AudioWAV/1005_IEO_ANG_LO.wav,cremad,angry,angry,0,0.4032407848102756,0.33604611308344495,0.0645174589547834,0.19619564315149612
/workspace/datasets/cremad/AudioWAV/1005_IEO_ANG_MD.wav,cremad,angry,angry,0,0.46527879666347743,0.27081008090128234,0.19853066663276855,0.06538045580247162
/workspace/datasets/cremad/AudioWAV/1005_IEO_HAP_HI.wav,cremad,happy,neutral,2,0.3365606058237424,0.2681833138356886,0.39525608034056897,0.0
/workspace/datasets/cremad/AudioWAV/1005_IEO_HAP_LO.wav,cremad,happy,sad,3,0.06528429257991236,0.1999339034263413,0.2632446965959021,0.47153710739784427
/workspace/datasets/cremad/AudioWAV/1005_IEO_HAP_MD.wav,cremad,happy,angry,0,0.39676741789478387,0.20681918028332272,0.39641340182189344,0.0
/workspace/datasets/cremad/AudioWAV/1005_IEO_NEU_XX.wav,cremad,neutral,sad,3,0.33101381685126685,0.1354150865371451,0.2004734498380836,0.33309764677350445
/workspace/datasets/cremad/AudioWAV/1005_IEO_SAD_HI.wav,cremad,sad,angry,0,0.33074619119248094,0.13850410445897457,0.26460164824620735,0.26614805610233727
/workspace/datasets/cremad/AudioWAV/1005_IEO_SAD_LO.wav,cremad,sad,sad,3,0.0,0.13228660635910794,0.13190591802217905,0.7358074756187131
/workspace/datasets/cremad/AudioWAV/1005_IEO_SAD_MD.wav,cremad,sad,sad,3,0.06667545046946544,0.2055865263203231,0.20115578274086882,0.5265822404693428
/workspace/datasets/cremad/AudioWAV/1005_IOM_ANG_XX.wav,cremad,angry,angry,0,0.40279823337857157,0.26567582488088726,0.3315259417405412,0.0
/workspace/datasets/cremad/AudioWAV/1005_IOM_HAP_XX.wav,cremad,happy,neutral,2,0.33177249747219106,0.2675455575235103,0.4006819450042987,0.0
/workspace/datasets/cremad/AudioWAV/1005_IOM_NEU_XX.wav,cremad,neutral,neutral,2,0.0,0.27021974935495857,0.39926670846212986,0.3305135421829115
/workspace/datasets/cremad/AudioWAV/1005_IOM_SAD_XX.wav,cremad,sad,sad,3,0.0,0.271047507931849,0.20177285200633496,0.5271796400618161
/workspace/datasets/cremad/AudioWAV/1005_ITH_ANG_XX.wav,cremad,angry,angry,0,0.5963118101730898,0.27131998243100697,0.13236820739590333,0.0
/workspace/datasets/cremad/AudioWAV/1005_ITH_HAP_XX.wav,cremad,happy,happy,1,0.20728819659850256,0.5940388174167514,0.19867298598474611,0.0
/workspace/datasets/cremad/AudioWAV/1005_ITH_NEU_XX.wav,cremad,neutral,happy,1,0.13231484731239074,0.46952346311970433,0.3981616895679049,0.0
/workspace/datasets/cremad/AudioWAV/1005_ITH_SAD_XX.wav,cremad,sad,neutral,2,0.2660640366280267,0.2692320940323833,0.3337835397279537,0.13092032961163624
/workspace/datasets/cremad/AudioWAV/1005_ITS_ANG_XX.wav,cremad,angry,angry,0,0.528413279751543,0.1357003138007947,0.2675553548076217,0.06833105164004055
/workspace/datasets/cremad/AudioWAV/1005_ITS_HAP_XX.wav,cremad,happy,neutral,2,0.3995177730633273,0.13312484320221135,0.40162965161462894,0.06572773211983247
/workspace/datasets/cremad/AudioWAV/1005_ITS_NEU_XX.wav,cremad,neutral,happy,1,0.2638770924377456,0.4651039462694466,0.20292936180476798,0.0680895994880399
/workspace/datasets/cremad/AudioWAV/1005_ITS_SAD_XX.wav,cremad,sad,happy,1,0.3291480164402337,0.46791516036334724,0.07451136456473835,0.12842545863168064
/workspace/datasets/cremad/AudioWAV/1005_IWL_ANG_XX.wav,cremad,angry,happy,1,0.19700997538209894,0.537379552843069,0.265610471774832,0.0
/workspace/datasets/cremad/AudioWAV/1005_IWL_HAP_XX.wav,cremad,happy,happy,1,0.13533378009909516,0.5977809681715949,0.2668852517293099,0.0
/workspace/datasets/cremad/AudioWAV/1005_IWL_NEU_XX.wav,cremad,neutral,neutral,2,0.06525144857594627,0.4044207094785206,0.530327841945533,0.0
/workspace/datasets/cremad/AudioWAV/1005_IWL_SAD_XX.wav,cremad,sad,sad,3,0.0,0.20092885165143204,0.2060336073913979,0.59303754095717
/workspace/datasets/cremad/AudioWAV/1005_IWW_ANG_XX.wav,cremad,angry,happy,1,0.13122120979611465,0.4695701500680426,0.26512139469370755,0.13408724544213524
/workspace/datasets/cremad/AudioWAV/1005_IWW_HAP_XX.wav,cremad,happy,happy,1,0.33348357589725086,0.3997320071897263,0.19952697314895823,0.06725744376406449
/workspace/datasets/cremad/AudioWAV/1005_IWW_NEU_XX.wav,cremad,neutral,happy,1,0.13270008476668402,0.40100290589351245,0.20342966793037018,0.26286734140943324
/workspace/datasets/cremad/AudioWAV/1005_IWW_SAD_XX.wav,cremad,sad,sad,3,0.0,0.20190164939375724,0.33382303677368713,0.46427531383255566
/workspace/datasets/cremad/AudioWAV/1005_MTI_ANG_XX.wav,cremad,angry,angry,0,0.46642954457727803,0.19750136855757763,0.2642895664897606,0.07177952037538368
/workspace/datasets/cremad/AudioWAV/1005_MTI_HAP_XX.wav,cremad,happy,angry,0,0.46813229710621357,0.198482889915694,0.3333848129780924,0.0
/workspace/datasets/cremad/AudioWAV/1005_MTI_NEU_XX.wav,cremad,neutral,neutral,2,0.12989470555658728,0.20667537812171777,0.3982401463350286,0.26518976998666627
/workspace/datasets/cremad/AudioWAV/1005_MTI_SAD_XX.wav,cremad,sad,neutral,2,0.13598606465200272,0.1969847923956782,0.533268934221452,0.13376020873086708
/workspace/datasets/cremad/AudioWAV/1005_TAI_ANG_XX.wav,cremad,angry,neutral,2,0.33579417976805764,0.32781234351679645,0.33639347671514597,0.0
/workspace/datasets/cremad/AudioWAV/1005_TAI_HAP_XX.wav,cremad,happy,happy,1,0.2696162623525657,0.460096853309928,0.1380693378463723,0.132217546491134
/workspace/datasets/cremad/AudioWAV/1005_TAI_NEU_XX.wav,cremad,neutral,sad,3,0.0,0.20264836838745076,0.20056083652121015,0.596790795091339
/workspace/datasets/cremad/AudioWAV/1005_TAI_SAD_XX.wav,cremad,sad,sad,3,0.06591365847903599,0.20118837063810605,0.2661870631077153,0.4667109077751425
/workspace/datasets/cremad/AudioWAV/1005_TIE_ANG_XX.wav,cremad,angry,happy,1,0.26616237950326876,0.4618795014144653,0.271958119082266,0.0
/workspace/datasets/cremad/AudioWAV/1005_TIE_HAP_XX.wav,cremad,happy,happy,1,0.3305518817929129,0.39864083224852204,0.2708072859585651,0.0
/workspace/datasets/cremad/AudioWAV/1005_TIE_NEU_XX.wav,cremad,neutral,sad,3,0.19812009596260152,0.2026157732288201,0.20499742178724453,0.3942667090213339
/workspace/datasets/cremad/AudioWAV/1005_TIE_SAD_XX.wav,cremad,sad,happy,1,0.06565891532887985,0.40187382829851,0.3966840016446724,0.13578325472793773
/workspace/datasets/cremad/AudioWAV/1005_TSI_ANG_XX.wav,cremad,angry,neutral,2,0.2660179214593547,0.2029086090895366,0.5310734694511086,0.0
/workspace/datasets/cremad/AudioWAV/1005_TSI_HAP_XX.wav,cremad,happy,happy,1,0.3282892450411148,0.32872320655187515,0.2761708560524705,0.0668166923545398
/workspace/datasets/cremad/AudioWAV/1005_TSI_NEU_XX.wav,cremad,neutral,happy,1,0.32801587129417065,0.5410782185904561,0.1309059101153732,0.0
/workspace/datasets/cremad/AudioWAV/1005_TSI_SAD_XX.wav,cremad,sad,happy,1,0.12877056458335492,0.4019696646628162,0.40128197601370946,0.06797779474011932
/workspace/datasets/cremad/AudioWAV/1005_WSI_ANG_XX.wav,cremad,angry,angry,0,0.598334785517759,0.26715399711158727,0.13451121737065375,0.0
/workspace/datasets/cremad/AudioWAV/1005_WSI_HAP_XX.wav,cremad,happy,angry,0,0.6645606776839202,0.06574306065140946,0.26969626166467037,0.0
/workspace/datasets/cremad/AudioWAV/1005_WSI_NEU_XX.wav,cremad,neutral,happy,1,0.26772389815645126,0.5336543826901948,0.1986217191533539,0.0
/workspace/datasets/cremad/AudioWAV/1005_WSI_SAD_XX.wav,cremad,sad,happy,1,0.13289422716702018,0.40274109128784835,0.2657196279929813,0.1986450535521502
/workspace/datasets/cremad/AudioWAV/1006_DFA_ANG_XX.wav,cremad,angry,happy,1,0.40194377479821136,0.5322332287504697,0.0658229964513188,0.0
/workspace/datasets/cremad/AudioWAV/1006_DFA_HAP_XX.wav,cremad,happy,neutral,2,0.2667938667275914,0.3363161369695197,0.39688999630288896,0.0
/workspace/datasets/cremad/AudioWAV/1006_DFA_NEU_XX.wav,cremad,neutral,neutral,2,0.0,0.06694822209220092,0.531590495889374,0.40146128201842496
