file_path,dataset,label,pred_label,pred_label_enc,proba_angry,proba_happy,proba_neutral,proba_sad
/workspace/datasets/cremad/AudioWAV/1001_DFA_ANG_XX.wav,cremad,angry,angry,0,0.9123976408256537,0.03282396708666913,0.054371612694675324,0.00040677939300176575
/workspace/datasets/cremad/AudioWAV/1001_DFA_HAP_XX.wav,cremad,happy,angry,0,0.974709410613101,0.008634486215151557,0.016554139048191526,0.00010196412355564774
/workspace/datasets/cremad/AudioWAV/1001_DFA_NEU_XX.wav,cremad,neutral,angry,0,0.7724941736670413,0.15960891459015725,0.06517553966308362,0.0027213720797176683
/workspace/datasets/cremad/AudioWAV/1001_DFA_SAD_XX.wav,cremad,sad,happy,1,0.3035489680052348,0.6209100304971352,0.05296658099652008,0.022574420501110002
/workspace/datasets/cremad/AudioWAV/1001_IEO_ANG_HI.wav,cremad,angry,angry,0,0.99117248745783,0.0032126294654892156,0.004661302326103333,0.0009535807505772663
/workspace/datasets/cremad/AudioWAV/1001_IEO_ANG_LO.wav,cremad,angry,neutral,2,0.19860969703964276,0.3443178789183396,0.45412993493431236,0.0029424891077053576
/workspace/datasets/cremad/AudioWAV/1001_IEO_ANG_MD.wav,cremad,angry,neutral,2,0.23682736989969336,0.3408911287041837,0.401055621827226,0.021225879568897075
/workspace/datasets/cremad/AudioWAV/1001_IEO_HAP_HI.wav,cremad,happy,angry,0,0.8531876493489102,0.05519735695622684,0.0914713893699104,0.00014360432495242242
/workspace/datasets/cremad/AudioWAV/1001_IEO_HAP_LO.wav,cremad,happy,neutral,2,0.11226521565860285,0.04349043242730252,0.8416761866957837,0.0025681652183110236
/workspace/datasets/cremad/AudioWAV/1001_IEO_HAP_MD.wav,cremad,happy,neutral,2,0.19216863356826352,0.18867424905807237,0.5910027922257209,0.028154325147943166
/workspace/datasets/cremad/AudioWAV/1001_IEO_NEU_XX.wav,cremad,neutral,happy,1,0.023240312592517152,0.6241332006232744,0.3474914901127829,0.005134996671425503
/workspace/datasets/cremad/AudioWAV/1001_IEO_SAD_HI.wav,cremad,sad,happy,1,0.005016336674421462,0.8844904235385845,0.031392976987933384,0.07910026279906066
/workspace/datasets/cremad/AudioWAV/1001_IEO_SAD_LO.wav,cremad,sad,happy,1,0.006581412375046335,0.7334253794180079,0.11339825821035428,0.14659494999659145
/workspace/datasets/cremad/AudioWAV/1001_IEO_SAD_MD.wav,cremad,sad,happy,1,0.011001206833252002,0.7302502829104356,0.06348258235196277,0.19526592790434966
/workspace/datasets/cremad/AudioWAV/1001_IOM_ANG_XX.wav,cremad,angry,neutral,2,0.13990485766204686,0.2991184975590766,0.5605909842477459,0.00038566053113072893
/workspace/datasets/cremad/AudioWAV/1001_IOM_HAP_XX.wav,cremad,happy,angry,0,0.6348801483694847,0.34153223030846697,0.023164181845452204,0.0004234394765961365
/workspace/datasets/cremad/AudioWAV/1001_IOM_NEU_XX.wav,cremad,neutral,happy,1,0.0410758278054006,0.48875764009019057,0.4660861532159673,0.0040803788884415755
/workspace/datasets/cremad/AudioWAV/1001_IOM_SAD_XX.wav,cremad,sad,happy,1,0.2467207181697265,0.42069001394771893,0.3288370957172749,0.0037521721652797576
/workspace/datasets/cremad/AudioWAV/1001_ITH_ANG_XX.wav,cremad,angry,angry,0,0.803840192325769,0.11376664441091998,0.08234582703127492,4.7336232036169096e-05
/workspace/datasets/cremad/AudioWAV/1001_ITH_HAP_XX.wav,cremad,happy,happy,1,0.30181974412995966,0.6390530800135354,0.05910503315576255,2.214270074244109e-05
/workspace/datasets/cremad/AudioWAV/1001_ITH_NEU_XX.wav,cremad,neutral,happy,1,0.20496362753267655,0.7407617914616688,0.04597454448789441,0.008300036517760364
/workspace/datasets/cremad/AudioWAV/1001_ITH_SAD_XX.wav,cremad,sad,happy,1,0.0475572376488011,0.7972725153871122,0.12603333881766846,0.02913690814641813
/workspace/datasets/cremad/AudioWAV/1001_ITS_ANG_XX.wav,cremad,angry,angry,0,0.6301151755835687,0.17747026737391508,0.19016436033913028,0.0022501967033859483
/workspace/datasets/cremad/AudioWAV/1001_ITS_HAP_XX.wav,cremad,happy,angry,0,0.7371669993144733,0.20922957262233688,0.05298053284757309,0.0006228952156166435
/workspace/datasets/cremad/AudioWAV/1001_ITS_NEU_XX.wav,cremad,neutral,happy,1,0.21804737973670818,0.6235616284660906,0.13078431923108477,0.02760667256611638
/workspace/datasets/cremad/AudioWAV/1001_ITS_SAD_XX.wav,cremad,sad,happy,1,0.02298185730804926,0.7615611574585308,0.06386648030681989,0.1515905049266
/workspace/datasets/cremad/AudioWAV/1001_IWL_ANG_XX.wav,cremad,angry,happy,1,0.286907261509304,0.4329521771422558,0.2618839006269024,0.018256660721537823
/workspace/datasets/cremad/AudioWAV/1001_IWL_HAP_XX.wav,cremad,happy,angry,0,0.8505813862813961,0.07875733122884915,0.07044665647475402,0.00021462601500057567
/workspace/datasets/cremad/AudioWAV/1001_IWL_NEU_XX.wav,cremad,neutral,neutral,2,0.0951094796371633,0.1662249677619252,0.7371678311195599,0.001497721481351666
/workspace/datasets/cremad/AudioWAV/1001_IWL_SAD_XX.wav,cremad,sad,happy,1,0.1855014092838464,0.6263073624304384,0.10861930057172457,0.07957192771399065
/workspace/datasets/cremad/AudioWAV/1001_IWW_ANG_XX.wav,cremad,angry,angry,0,0.9630882709076691,0.0190877090928604,0.017764690335020063,5.932966445051138e-05
/workspace/datasets/cremad/AudioWAV/1001_IWW_HAP_XX.wav,cremad,happy,angry,0,0.9315917323855928,0.04703460020924142,0.02112811305936569,0.0002455543458001344
/workspace/datasets/cremad/AudioWAV/1001_IWW_NEU_XX.wav,cremad,neutral,happy,1,0.07617404347442787,0.7264569555359385,0.16200307932457728,0.035365921665056595
/workspace/datasets/cremad/AudioWAV/1001_IWW_SAD_XX.wav,cremad,sad,happy,1,0.08671411664088752,0.8336974461599219,0.05979762830176761,0.019790808897422938
/workspace/datasets/cremad/AudioWAV/1001_MTI_ANG_XX.wav,cremad,angry,angry,0,0.9312195015313927,0.007834853450281268,0.059250521133208355,0.0016951238851178518
/workspace/datasets/cremad/AudioWAV/1001_MTI_HAP_XX.wav,cremad,happy,angry,0,0.8761631602926647,0.07290206796450555,0.05074445777251687,0.00019031397031285297
/workspace/datasets/cremad/AudioWAV/1001_MTI_NEU_XX.wav,cremad,neutral,angry,0,0.6899102977510467,0.09220501724330397,0.21743113993084864,0.0004535450748008409
/workspace/datasets/cremad/AudioWAV/1001_MTI_SAD_XX.wav,cremad,sad,neutral,2,0.05407614441645287,0.051993967540457084,0.8890307884916316,0.004899099551458502
/workspace/datasets/cremad/AudioWAV/1001_TAI_ANG_XX.wav,cremad,angry,angry,0,0.8025465243535088,0.14235226301723392,0.054523717760139624,0.0005774948691177192
/workspace/datasets/cremad/AudioWAV/1001_TAI_HAP_XX.wav,cremad,happy,angry,0,0.6094899301611046,0.36345102944206426,0.02545325636848648,0.0016057840283445594
/workspace/datasets/cremad/AudioWAV/1001_TAI_NEU_XX.wav,cremad,neutral,neutral,2,0.3876802620711348,0.16488131538777387,0.4456203221898872,0.0018181003512040463
/workspace/datasets/cremad/AudioWAV/1001_TAI_SAD_XX.wav,cremad,sad,happy,1,0.0921229693093875,0.7650164666904815,0.12402285140492651,0.018837712595204635
/workspace/datasets/cremad/AudioWAV/1001_TIE_ANG_XX.wav,cremad,angry,angry,0,0.8302455931455642,0.08072324930600293,0.08766977310994922,0.0013613844384834928
/workspace/datasets/cremad/AudioWAV/1001_TIE_HAP_XX.wav,cremad,happy,angry,0,0.9462063550249485,0.017380267293608236,0.03628585786400347,0.00012751981743966295
/workspace/datasets/cremad/AudioWAV/1001_TIE_NEU_XX.wav,cremad,neutral,angry,0,0.7123531525422717,0.12160670947637026,0.14920852214548702,0.016831615835870836
/workspace/datasets/cremad/AudioWAV/1001_TIE_SAD_XX.wav,cremad,sad,happy,1,0.015201156850895101,0.4731394821925068,0.3250490582738681,0.18661030268272988
/workspace/datasets/cremad/AudioWAV/1001_TSI_ANG_XX.wav,cremad,angry,angry,0,0.7822914104418208,0.15188770121956477,0.06541984592382254,0.00040104241479191094
/workspace/datasets/cremad/AudioWAV/1001_TSI_HAP_XX.wav,cremad,happy,neutral,2,0.04517856616381764,0.23164611633550417,0.7229901686481566,0.0001851488525216991
/workspace/datasets/cremad/AudioWAV/1001_TSI_NEU_XX.wav,cremad,neutral,happy,1,0.18227807015813993,0.7855076155879751,0.028597780123141795,0.0036165341307432255
/workspace/datasets/cremad/AudioWAV/1001_TSI_SAD_XX.wav,cremad,sad,happy,1,0.02015298096884134,0.9497306117614546,0.01249379150046021,0.017622615769243753
/workspace/datasets/cremad/AudioWAV/1001_WSI_ANG_XX.wav,cremad,angry,angry,0,0.9703800270893014,0.01791355580439793,0.011541144806807116,0.00016527229949356222
/workspace/datasets/cremad/AudioWAV/1001_WSI_HAP_XX.wav,cremad,happy,angry,0,0.8365052597437125,0.052995596533027024,0.11029085280355871,0.0002082909197018347
/workspace/datasets/cremad/AudioWAV/1001_WSI_NEU_XX.wav,cremad,neutral,happy,1,0.37690265981430854,0.5944271910026747,0.028491334346697046,0.00017881483631967737
/workspace/datasets/cremad/AudioWAV/1001_WSI_SAD_XX.wav,cremad,sad,angry,0,0.6099814102741641,0.21684690219060776,0.17197596584250643,0.0011957216927216904
/workspace/datasets/cremad/AudioWAV/1002_DFA_ANG_XX.wav,cremad,angry,angry,0,0.9239530575919004,0.07481394946220485,0.0012288266030572232,4.166342837469935e-06
/workspace/datasets/cremad/AudioWAV/1002_DFA_HAP_XX.wav,cremad,happy,angry,0,0.491275503947194,0.33019249723524935,0.029090952161219187,0.14944104665633756
/workspace/datasets/cremad/AudioWAV/1002_DFA_NEU_XX.wav,cremad,neutral,happy,1,0.008164670498349832,0.9748277818858853,0.009958545716383709,0.007049001899381379
/workspace/datasets/cremad/AudioWAV/1002_DFA_SAD_XX.wav,cremad,sad,happy,1,0.001178048558023668,0.8142091404297552,0.028543645681134953,0.15606916533108617
/workspace/datasets/cremad/AudioWAV/1002_IEO_ANG_HI.wav,cremad,angry,angry,0,0.8514079026320911,0.07872480260406524,0.06980342961377431,6.386515006934569e-05
/workspace/datasets/cremad/AudioWAV/1002_IEO_ANG_LO.wav,cremad,angry,happy,1,0.23213053344062767,0.7382170734193781,0.029425841834214816,0.0002265513057794337
/workspace/datasets/cremad/AudioWAV/1002_IEO_ANG_MD.wav,cremad,angry,angry,0,0.991295603731401,0.00815361015368487,0.000547934061765081,2.8520531489601314e-06
/workspace/datasets/cremad/AudioWAV/1002_IEO_HAP_HI.wav,cremad,happy,happy,1,0.09922458979010637,0.6937447662404485,0.20686459242848698,0.00016605154095827973
/workspace/datasets/cremad/AudioWAV/1002_IEO_HAP_LO.wav,cremad,happy,happy,1,0.0054651127075414875,0.8980621339071985,0.06802615858961368,0.028446594795646336
/workspace/datasets/cremad/AudioWAV/1002_IEO_HAP_MD.wav,cremad,happy,angry,0,0.8928818418256413,0.05895354368908523,0.047982762254569315,0.00018185223070399267
/workspace/datasets/cremad/AudioWAV/1002_IEO_NEU_XX.wav,cremad,neutral,happy,1,0.0005397649237021905,0.9548096235460684,0.036019140607968916,0.008631470922260546
/workspace/datasets/cremad/AudioWAV/1002_IEO_SAD_HI.wav,cremad,sad,happy,1,0.0004429721276558789,0.81064384426749,0.0636990563537803,0.12521412725107384
/workspace/datasets/cremad/AudioWAV/1002_IEO_SAD_LO.wav,cremad,sad,happy,1,0.00022757735914130157,0.9033751826282949,0.04423772778934764,0.05215951222321612
/workspace/datasets/cremad/AudioWAV/1002_IEO_SAD_MD.wav,cremad,sad,happy,1,0.0008031681603640541,0.5806247503660998,0.08062182484308986,0.3379502566304463
/workspace/datasets/cremad/AudioWAV/1002_IOM_ANG_XX.wav,cremad,angry,angry,0,0.4949350008996985,0.47492777393724545,0.022653321528360786,0.007483903634695358
/workspace/datasets/cremad/AudioWAV/1002_IOM_HAP_XX.wav,cremad,happy,happy,1,0.08774178421976027,0.8086239369066557,0.08876332177607306,0.014870957097510958
/workspace/datasets/cremad/AudioWAV/1002_IOM_NEU_XX.wav,cremad,neutral,happy,1,0.0012973791095445145,0.9750756348965728,0.02241891750017554,0.0012080684937070942
/workspace/datasets/cremad/AudioWAV/1002_IOM_SAD_XX.wav,cremad,sad,happy,1,0.012186002231709264,0.8056691075009472,0.1796773797780431,0.00246751048930032
/workspace/datasets/cremad/AudioWAV/1002_ITH_ANG_XX.wav,cremad,angry,angry,0,0.8495703376251665,0.11666695471490111,0.033707533314223964,5.51743457084592e-05
/workspace/datasets/cremad/AudioWAV/1002_ITH_HAP_XX.wav,cremad,happy,angry,0,0.6457615957587343,0.3110471410127399,0.0397037290370616,0.0034875341914642716
/workspace/datasets/cremad/AudioWAV/1002_ITH_NEU_XX.wav,cremad,neutral,happy,1,0.011345371221115294,0.837663286075295,0.02758524751273369,0.12340609519085596
/workspace/datasets/cremad/AudioWAV/1002_ITH_SAD_XX.wav,cremad,sad,happy,1,0.10723617969518025,0.7302322016884016,0.09489765917547603,0.06763395944094207
/workspace/datasets/cremad/AudioWAV/1002_ITS_ANG_XX.wav,cremad,angry,happy,1,0.05550182141756513,0.9313560269763268,0.011187755868628628,0.001954395737479468
/workspace/datasets/cremad/AudioWAV/1002_ITS_HAP_XX.wav,cremad,happy,angry,0,0.8764664119045177,0.10627226491576414,0.015777536918215637,0.0014837862615024592
/workspace/datasets/cremad/AudioWAV/1002_ITS_NEU_XX.wav,cremad,neutral,happy,1,0.018405953065611217,0.47866526693714706,0.12817526773586355,0.3747535122613781
/workspace/datasets/cremad/AudioWAV/1002_ITS_SAD_XX.wav,cremad,sad,happy,1,0.0031429374529321767,0.6769993101805557,0.019174170148545017,0.30068358221796704
/workspace/datasets/cremad/AudioWAV/1002_IWL_ANG_XX.wav,cremad,angry,angry,0,0.6426023272041375,0.2466810548346796,0.11070861504189056,8.002919292435123e-06
/workspace/datasets/cremad/AudioWAV/1002_IWL_HAP_XX.wav,cremad,happy,angry,0,0.7612383718710907,0.1303769882567981,0.10716111861403878,0.0012235212580725921
/workspace/datasets/cremad/AudioWAV/1002_IWL_NEU_XX.wav,cremad,neutral,happy,1,0.02216704607694733,0.8858820990209246,0.07865186731126608,0.013298987590861898
/workspace/datasets/cremad/AudioWAV/1002_IWL_SAD_XX.wav,cremad,sad,happy,1,0.004238331893603499,0.8910851764498773,0.08625655161962117,0.01841994003689787
/workspace/datasets/cremad/AudioWAV/1002_IWW_ANG_XX.wav,cremad,angry,angry,0,0.5932198039334029,0.16437698337256906,0.24238152265972404,2.1690034303950015e-05
/workspace/datasets/cremad/AudioWAV/1002_IWW_HAP_XX.wav,cremad,happy,happy,1,0.1914343941310383,0.7780254230848641,0.028090819746844183,0.002449363037253327
/workspace/datasets/cremad/AudioWAV/1002_IWW_NEU_XX.wav,cremad,neutral,happy,1,0.0021184872320969762,0.7239591026711774,0.10505057542844466,0.16887183466828107
/workspace/datasets/cremad/AudioWAV/1002_IWW_SAD_XX.wav,cremad,sad,happy,1,0.006733550125806738,0.8816834636228776,0.08782341584197015,0.023759570409345693
/workspace/datasets/cremad/AudioWAV/1002_MTI_ANG_XX.wav,cremad,angry,angry,0,0.8870848247133953,0.08335685760693198,0.02912974625570813,0.00042857142396433086
/workspace/datasets/cremad/AudioWAV/1002_MTI_HAP_XX.wav,cremad,happy,angry,0,0.47612548691498663,0.24869110396351107,0.26677890769801804,0.00840450142348439
/workspace/datasets/cremad/AudioWAV/1002_MTI_NEU_XX.wav,cremad,neutral,happy,1,0.014783842264159856,0.7052701213656355,0.2652761828637434,0.0146698535064613
/workspace/datasets/cremad/AudioWAV/1002_MTI_SAD_XX.wav,cremad,sad,happy,1,0.14317770534307311,0.7120815780932228,0.1278451429937029,0.01689557357000118
/workspace/datasets/cremad/AudioWAV/1002_TAI_ANG_XX.wav,cremad,angry,angry,0,0.437438363980196,0.33158050376813014,0.23078060522777036,0.00020052702390332478
/workspace/datasets/cremad/AudioWAV/1002_TAI_HAP_XX.wav,cremad,happy,angry,0,0.8027658225231418,0.15831935075090212,0.03434066502361698,0.004574161702339158
/workspace/datasets/cremad/AudioWAV/1002_TAI_NEU_XX.wav,cremad,neutral,happy,1,0.0028143290223817106,0.8595946784255825,0.041374518489475334,0.09621647406256065
/workspace/datasets/cremad/AudioWAV/1002_TAI_SAD_XX.wav,cremad,sad,happy,1,0.01800008948295064,0.6659756683103191,0.09148047101547907,0.22454377119125124
/workspace/datasets/cremad/AudioWAV/1002_TIE_ANG_XX.wav,cremad,angry,angry,0,0.8874199537672197,0.1116867050714574,0.0008770297824125268,1.6311378910260732e-05
/workspace/datasets/cremad/AudioWAV/1002_TIE_HAP_XX.wav,cremad,happy,angry,0,0.8403107299451361,0.09278793586615201,0.02003530636060182,0.046866027828109995
/workspace/datasets/cremad/AudioWAV/1002_TIE_SAD_XX.wav,cremad,sad,angry,0,0.642589402899263,0.16161916577281016,0.19502851257292342,0.0007629187550034002
/workspace/datasets/cremad/AudioWAV/1002_TSI_ANG_XX.wav,cremad,angry,happy,1,0.26536435853842805,0.3805479216591055,0.35406505605859756,2.266374386889109e-05
/workspace/datasets/cremad/AudioWAV/1002_TSI_HAP_XX.wav,cremad,happy,happy,1,0.1260783413809422,0.49326420235053675,0.3806523077190108,5.148549510056633e-06
/workspace/datasets/cremad/AudioWAV/1002_TSI_NEU_XX.wav,cremad,neutral,happy,1,0.02095104822184834,0.7119011130508958,0.050075895340815635,0.21707194338644026
/workspace/datasets/cremad/AudioWAV/1002_TSI_SAD_XX.wav,cremad,sad,happy,1,0.01009560156398603,0.8888604892659763,0.009649960639986558,0.09139394853005124
/workspace/datasets/cremad/AudioWAV/1002_WSI_ANG_XX.wav,cremad,angry,angry,0,0.8306080984351213,0.15113365911182303,0.01784279064146093,0.0004154518115947703
/workspace/datasets/cremad/AudioWAV/1002_WSI_HAP_XX.wav,cremad,happy,angry,0,0.857543665554186,0.10991597797198581,0.03244229810323123,9.805837059671467e-05
/workspace/datasets/cremad/AudioWAV/1002_WSI_NEU_XX.wav,cremad,neutral,happy,1,0.05621875073935712,0.8275435887670421,0.07327289644824828,0.04296476404535257
/workspace/datasets/cremad/AudioWAV/1002_WSI_SAD_XX.wav,cremad,sad,happy,1,0.13795493740521653,0.5415045121297418,0.03956469245343342,0.2809758580116082
/workspace/datasets/cremad/AudioWAV/1003_DFA_ANG_XX.wav,cremad,angry,angry,0,0.9899698039879209,0.00976009396893376,0.00027006312975059494,3.891339472498996e-08
/workspace/datasets/cremad/AudioWAV/1003_DFA_HAP_XX.wav,cremad,happy,happy,1,0.37050141822429034,0.43180188504946504,0.1965654528073717,0.0011312439188728787
/workspace/datasets/cremad/AudioWAV/1003_DFA_NEU_XX.wav,cremad,neutral,angry,0,0.7804756843279208,0.04561826159302818,0.07647118718153786,0.09743486689751323
/workspace/datasets/cremad/AudioWAV/1003_DFA_SAD_XX.wav,cremad,sad,happy,1,0.0038621765621947254,0.6756763910099609,0.042804030792247545,0.27765740163559666
/workspace/datasets/cremad/AudioWAV/1003_IEO_ANG_HI.wav,cremad,angry,happy,1,0.05058045851680239,0.9492613290618236,0.00015511251761661716,3.099903757485135e-06
/workspace/datasets/cremad/AudioWAV/1003_IEO_ANG_LO.wav,cremad,angry,happy,1,0.2591092998638876,0.3888830528360942,0.32874955643929726,0.023258090860721062
/workspace/datasets/cremad/AudioWAV/1003_IEO_ANG_MD.wav,cremad,angry,happy,1,0.26841778665896804,0.7187235679586834,0.007223287972200664,0.005635357410147943
/workspace/datasets/cremad/AudioWAV/1003_IEO_HAP_HI.wav,cremad,happy,angry,0,0.6505530038375004,0.12306638096896082,0.22536398421633277,0.0010166309772060363
/workspace/datasets/cremad/AudioWAV/1003_IEO_HAP_LO.wav,cremad,happy,happy,1,0.008897637681761484,0.9074563965300034,0.059633493637316015,0.024012472150919152
/workspace/datasets/cremad/AudioWAV/1003_IEO_HAP_MD.wav,cremad,happy,happy,1,0.33589479799168914,0.5771736285733043,0.08473861902265817,0.002192954412348454
/workspace/datasets/cremad/AudioWAV/1003_IEO_NEU_XX.wav,cremad,neutral,happy,1,0.003634822142603521,0.8930660803515947,0.08498524800870429,0.01831384949709745
/workspace/datasets/cremad/AudioWAV/1003_IEO_SAD_HI.wav,cremad,sad,happy,1,0.005261157801493848,0.7943369188079575,0.08408838282447917,0.11631354056606953
/workspace/datasets/cremad/AudioWAV/1003_IEO_SAD_LO.wav,cremad,sad,happy,1,0.0003263896781144774,0.9013303618624567,0.028304632290984833,0.07003861616844419
/workspace/datasets/cremad/AudioWAV/1003_IEO_SAD_MD.wav,cremad,sad,happy,1,0.0006050705794638986,0.6497739262809581,0.08989224361367482,0.25972875952590335
/workspace/datasets/cremad/AudioWAV/1003_IOM_ANG_XX.wav,cremad,angry,happy,1,0.14919391940302582,0.8230843105364938,0.027718387938736006,3.382121744357184e-06
/workspace/datasets/cremad/AudioWAV/1003_IOM_HAP_XX.wav,cremad,happy,happy,1,0.2042158822052781,0.7160929796467024,0.07963836067870336,5.277746931626064e-05
/workspace/datasets/cremad/AudioWAV/1003_IOM_NEU_XX.wav,cremad,neutral,angry,0,0.8427717627108774,0.05663955120691591,0.10029162891311422,0.0002970571690924553
/workspace/datasets/cremad/AudioWAV/1003_IOM_SAD_XX.wav,cremad,sad,happy,1,0.005941262880719876,0.7658593785436053,0.11501627920848233,0.11318307936719234
/workspace/datasets/cremad/AudioWAV/1003_ITH_ANG_XX.wav,cremad,angry,happy,1,0.377506463944554,0.6178320389703549,0.004549346982350676,0.00011215010274049874
/workspace/datasets/cremad/AudioWAV/1003_ITH_HAP_XX.wav,cremad,happy,angry,0,0.48420955487335143,0.43738282889478475,0.07733139719995386,0.0010762190319100183
/workspace/datasets/cremad/AudioWAV/1003_ITH_NEU_XX.wav,cremad,neutral,angry,0,0.4945387086870477,0.3888543749267496,0.1163901253736618,0.00021679101254083822
/workspace/datasets/cremad/AudioWAV/1003_ITH_SAD_XX.wav,cremad,sad,happy,1,0.011821607675914239,0.934235452682609,0.022758101100288686,0.031184838541188167
/workspace/datasets/cremad/AudioWAV/1003_ITS_ANG_XX.wav,cremad,angry,angry,0,0.9525287187370921,0.017088098205044724,0.03017103158657766,0.00021215147128534245
/workspace/datasets/cremad/AudioWAV/1003_ITS_HAP_XX.wav,cremad,happy,happy,1,0.1965411896030086,0.6993970991892917,0.05072429730327585,0.05333741390442385
/workspace/datasets/cremad/AudioWAV/1003_ITS_NEU_XX.wav,cremad,neutral,happy,1,0.005022181325719905,0.5370470413599082,0.0901129764979983,0.36781780081637366
/workspace/datasets/cremad/AudioWAV/1003_ITS_SAD_XX.wav,cremad,sad,happy,1,0.001223567137010209,0.9203244085908788,0.020687322956021277,0.05776470131608982
/workspace/datasets/cremad/AudioWAV/1003_IWL_ANG_XX.wav,cremad,angry,happy,1,0.49372127350386963,0.5056240793742823,0.0006296912974106316,2.4955824437428144e-05
/workspace/datasets/cremad/AudioWAV/1003_IWL_HAP_XX.wav,cremad,happy,happy,1,0.43781267661995843,0.4771592449350387,0.08492507182671405,0.0001030066182889933
/workspace/datasets/cremad/AudioWAV/1003_IWL_NEU_XX.wav,cremad,neutral,happy,1,0.24617216267072708,0.6800108386217614,0.07351281559784706,0.0003041831096644896
/workspace/datasets/cremad/AudioWAV/1003_IWL_SAD_XX.wav,cremad,sad,happy,1,0.00614703194762191,0.9493113792867195,0.03477481555811936,0.009766773207539286
/workspace/datasets/cremad/AudioWAV/1003_IWW_ANG_XX.wav,cremad,angry,happy,1,0.1191757830115763,0.8770013367946189,0.00288604744447914,0.0009368327493254898
/workspace/datasets/cremad/AudioWAV/1003_IWW_HAP_XX.wav,cremad,happy,happy,1,0.2619356006331087,0.45677024250553133,0.2743158827202975,0.006978274141062476
/workspace/datasets/cremad/AudioWAV/1003_IWW_NEU_XX.wav,cremad,neutral,happy,1,0.06699560520568727,0.6134182082842676,0.2342205402456693,0.08536564626437577
/workspace/datasets/cremad/AudioWAV/1003_IWW_SAD_XX.wav,cremad,sad,sad,3,0.00452341788008555,0.1622701039136528,0.33671019957691734,0.49649627862934415
/workspace/datasets/cremad/AudioWAV/1003_MTI_ANG_XX.wav,cremad,angry,angry,0,0.49600197152873826,0.4301365203433084,0.06268116800331505,0.011180340124638404
/workspace/datasets/cremad/AudioWAV/1003_MTI_HAP_XX.wav,cremad,happy,angry,0,0.4380521551894548,0.15288698149387284,0.40838594599085776,0.000674917325814626
/workspace/datasets/cremad/AudioWAV/1003_MTI_NEU_XX.wav,cremad,neutral,happy,1,0.15428230569670154,0.48300315101499325,0.3534489653617625,0.00926557792654272
/workspace/datasets/cremad/AudioWAV/1003_MTI_SAD_XX.wav,cremad,sad,happy,1,0.01801553692085357,0.8419347839289193,0.12565579614364233,0.014393883006584859
/workspace/datasets/cremad/AudioWAV/1003_TAI_ANG_XX.wav,cremad,angry,angry,0,0.6798663356984944,0.31800437332675796,0.002086825168041743,4.246580670601858e-05
/workspace/datasets/cremad/AudioWAV/1003_TAI_HAP_XX.wav,cremad,happy,angry,0,0.8745644075749692,0.06457009566220082,0.060409661438363495,0.0004558353244666558
/workspace/datasets/cremad/AudioWAV/1003_TAI_NEU_XX.wav,cremad,neutral,angry,0,0.6135820182491835,0.12937424853696133,0.255452258093632,0.0015914751202232196
/workspace/datasets/cremad/AudioWAV/1003_TAI_SAD_XX.wav,cremad,sad,happy,1,0.15191615632349267,0.46687444011948825,0.22640349488623362,0.15480590867078556
/workspace/datasets/cremad/AudioWAV/1003_TIE_ANG_XX.wav,cremad,angry,angry,0,0.826773152881014,0.16323012729832972,0.00998534797786457,1.1371842791745279e-05
/workspace/datasets/cremad/AudioWAV/1003_TIE_HAP_XX.wav,cremad,happy,happy,1,0.06698272101703283,0.6593747053565653,0.2623263574153482,0.011316216211053873
/workspace/datasets/cremad/AudioWAV/1003_TIE_NEU_XX.wav,cremad,neutral,neutral,2,0.1895620212392345,0.19660795971604278,0.600373293996138,0.013456725048584615
/workspace/datasets/cremad/AudioWAV/1003_TIE_SAD_XX.wav,cremad,sad,happy,1,0.043441158016122625,0.6576825759974905,0.029783237336159268,0.2690930286502276
/workspace/datasets/cremad/AudioWAV/1003_TSI_ANG_XX.wav,cremad,angry,happy,1,0.13741341901261955,0.8354343699712747,0.016053773004469647,0.011098438011636062
/workspace/datasets/cremad/AudioWAV/1003_TSI_HAP_XX.wav,cremad,happy,sad,3,0.0009135272536922221,0.0665409408812987,0.007301284887839872,0.9252442469771692
/workspace/datasets/cremad/AudioWAV/1003_TSI_NEU_XX.wav,cremad,neutral,sad,3,0.0008001512273880642,0.10269240281995869,0.017829279031232367,0.878678166921421
/workspace/datasets/cremad/AudioWAV/1003_TSI_SAD_XX.wav,cremad,sad,sad,3,5.822131716840593e-06,0.005082426551590312,0.0006495275265252975,0.9942622237901675
/workspace/datasets/cremad/AudioWAV/1003_WSI_ANG_XX.wav,cremad,angry,angry,0,0.9382451983558935,0.06156530905944093,0.00018673297618330157,2.7596084823782e-06
/workspace/datasets/cremad/AudioWAV/1003_WSI_HAP_XX.wav,cremad,happy,happy,1,0.3099288384829627,0.6409867169107936,0.046756844628654814,0.0023275999775889565
/workspace/datasets/cremad/AudioWAV/1003_WSI_NEU_XX.wav,cremad,neutral,happy,1,0.08524091695646134,0.86662960876591,0.033522859914311844,0.014606614363316861
/workspace/datasets/cremad/AudioWAV/1003_WSI_SAD_XX.wav,cremad,sad,happy,1,0.006048713494605114,0.8490050638931479,0.019624339578912242,0.1253218830333347
/workspace/datasets/cremad/AudioWAV/1004_DFA_ANG_XX.wav,cremad,angry,angry,0,0.9980906235572802,0.0015866279857790144,0.0003222563735787396,4.920833621313936e-07
/workspace/datasets/cremad/AudioWAV/1004_DFA_HAP_XX.wav,cremad,happy,angry,0,0.6022587498193628,0.045802600258016093,0.34983592464356966,0.002102725279051394
/workspace/datasets/cremad/AudioWAV/1004_DFA_NEU_XX.wav,cremad,neutral,angry,0,0.5962191268918005,0.15961978269221525,0.21833326938126618,0.025827821034718132
/workspace/datasets/cremad/AudioWAV/1004_DFA_SAD_XX.wav,cremad,sad,happy,1,0.011369771123832808,0.8749208118664779,0.020579853458866086,0.09312956355082325
/workspace/datasets/cremad/AudioWAV/1004_IEO_ANG_HI.wav,cremad,angry,angry,0,0.9222221466029992,0.0775129433643944,0.0002641085159713837,8.01516635046956e-07
/workspace/datasets/cremad/AudioWAV/1004_IEO_ANG_LO.wav,cremad,angry,angry,0,0.9381733446941976,0.04610624101762454,0.015414922713717222,0.0003054915744607075
/workspace/datasets/cremad/AudioWAV/1004_IEO_ANG_MD.wav,cremad,angry,angry,0,0.7234016937916654,0.2738722392757558,0.0026210318457802195,0.00010503508679869333
/workspace/datasets/cremad/AudioWAV/1004_IEO_HAP_HI.wav,cremad,happy,happy,1,0.15521970367954874,0.8447542789276615,2.573259938551694e-05,2.847934042972587e-07
/workspace/datasets/cremad/AudioWAV/1004_IEO_HAP_LO.wav,cremad,happy,happy,1,0.0421968636045541,0.8516887404244485,0.07288858895908236,0.033225807011914965
/workspace/datasets/cremad/AudioWAV/1004_IEO_HAP_MD.wav,cremad,happy,angry,0,0.849221549279692,0.10974049591079853,0.04086681141700307,0.00017114339250632135
/workspace/datasets/cremad/AudioWAV/1004_IEO_NEU_XX.wav,cremad,neutral,happy,1,0.04511276843328799,0.8926408778638459,0.0520557855186504,0.010190568184215541
/workspace/datasets/cremad/AudioWAV/1004_IEO_SAD_HI.wav,cremad,sad,happy,1,0.0005867623077318468,0.8437398137490839,0.0705557705162007,0.08511765342698344
/workspace/datasets/cremad/AudioWAV/1004_IEO_SAD_LO.wav,cremad,sad,happy,1,0.008668995952318518,0.8149359934322793,0.06500060570895178,0.11139440490645039
/workspace/datasets/cremad/AudioWAV/1004_IEO_SAD_MD.wav,cremad,sad,happy,1,0.0005774979496490474,0.8095699924149955,0.07140097939307456,0.11845153024228075
/workspace/datasets/cremad/AudioWAV/1004_IOM_ANG_XX.wav,cremad,angry,angry,0,0.9994522205399629,4.3420402861090395e-05,0.0005042631164678231,9.594070846757567e-08
/workspace/datasets/cremad/AudioWAV/1004_IOM_HAP_XX.wav,cremad,happy,angry,0,0.8012283002513287,0.04151252542187435,0.15717130948231017,8.786484448678576e-05
/workspace/datasets/cremad/AudioWAV/1004_IOM_NEU_XX.wav,cremad,neutral,happy,1,0.09598529797426246,0.445441537199813,0.3764749461770968,0.08209821864882766
/workspace/datasets/cremad/AudioWAV/1004_IOM_SAD_XX.wav,cremad,sad,happy,1,0.0013053510138898033,0.6472594687951141,0.25280954958368884,0.09862563060730718
/workspace/datasets/cremad/AudioWAV/1004_ITH_ANG_XX.wav,cremad,angry,angry,0,0.9822020295765249,0.0027026793772136123,0.015085593686963038,9.697359298402334e-06
/workspace/datasets/cremad/AudioWAV/1004_ITH_HAP_XX.wav,cremad,happy,happy,1,0.19775976011932972,0.7815008747601933,0.016440792109551416,0.004298573010925582
/workspace/datasets/cremad/AudioWAV/1004_ITH_NEU_XX.wav,cremad,neutral,happy,1,0.3882540308032237,0.4161307404363774,0.16351999611302503,0.032095232647374
/workspace/datasets/cremad/AudioWAV/1004_ITH_SAD_XX.wav,cremad,sad,happy,1,0.0013692358604494032,0.8272446335638481,0.0692104239786746,0.10217570659702772
/workspace/datasets/cremad/AudioWAV/1004_ITS_ANG_XX.wav,cremad,angry,angry,0,0.9432439520744157,0.03196426153488694,0.02468232266854621,0.00010946372215114415
/workspace/datasets/cremad/AudioWAV/1004_ITS_HAP_XX.wav,cremad,happy,happy,1,0.12244837211157104,0.8024535990917323,0.062212880066627944,0.012885148730068637
/workspace/datasets/cremad/AudioWAV/1004_ITS_NEU_XX.wav,cremad,neutral,happy,1,0.13603469899718673,0.7099376722623194,0.1484109031707131,0.005616725569780711
/workspace/datasets/cremad/AudioWAV/1004_ITS_SAD_XX.wav,cremad,sad,sad,3,0.008948766276823296,0.32678187309781576,0.16034812846376523,0.5039212321615957
/workspace/datasets/cremad/AudioWAV/1004_IWL_ANG_XX.wav,cremad,angry,angry,0,0.9901963491286111,0.008822613896622096,0.0009805232084857814,5.137662812323882e-07
/workspace/datasets/cremad/AudioWAV/1004_IWL_HAP_XX.wav,cremad,happy,angry,0,0.8454499645768289,0.11786382770617872,0.03228785339464546,0.004398354322346821
/workspace/datasets/cremad/AudioWAV/1004_IWL_NEU_XX.wav,cremad,neutral,angry,0,0.7543948273928736,0.17559490748368103,0.06974139941087622,0.0002688657125692393
/workspace/datasets/cremad/AudioWAV/1004_IWL_SAD_XX.wav,cremad,sad,angry,0,0.5906269130972466,0.25790795406309325,0.1472464071135482,0.004218725726112009
/workspace/datasets/cremad/AudioWAV/1004_IWW_ANG_XX.wav,cremad,angry,angry,0,0.9792037793707028,0.00412759818385044,0.016593856354234313,7.476609121254246e-05
/workspace/datasets/cremad/AudioWAV/1004_IWW_HAP_XX.wav,cremad,happy,happy,1,0.018021268569556045,0.8724951120996246,0.06942581747434749,0.04005780185647188
/workspace/datasets/cremad/AudioWAV/1004_IWW_NEU_XX.wav,cremad,neutral,happy,1,0.2198181663784368,0.5183342790759572,0.17881548620425486,0.08303206834135121
/workspace/datasets/cremad/AudioWAV/1004_IWW_SAD_XX.wav,cremad,sad,happy,1,0.0055019970282958065,0.9081182294979268,0.04287167500115055,0.04350809847262691
/workspace/datasets/cremad/AudioWAV/1004_MTI_ANG_XX.wav,cremad,angry,angry,0,0.922615291351294,0.06268277965672686,0.014474441417898942,0.00022748757408018659
/workspace/datasets/cremad/AudioWAV/1004_MTI_HAP_XX.wav,cremad,happy,happy,1,0.1066051900720217,0.8030641364330012,0.06996367256101149,0.020367000933965627
/workspace/datasets/cremad/AudioWAV/1004_MTI_NEU_XX.wav,cremad,neutral,happy,1,0.03916851160257775,0.7025394651185262,0.2571900012893039,0.001102021989592181
/workspace/datasets/cremad/AudioWAV/1004_MTI_SAD_XX.wav,cremad,sad,happy,1,0.017922004452330925,0.7310360008631619,0.20957976151098076,0.04146223317352627
/workspace/datasets/cremad/AudioWAV/1004_TAI_ANG_XX.wav,cremad,angry,angry,0,0.9746753054180164,0.004129173227588191,0.02100115381829118,0.00019436753610417289
/workspace/datasets/cremad/AudioWAV/1004_TAI_HAP_XX.wav,cremad,happy,happy,1,0.053469547435944544,0.6751817408959265,0.15728289926847236,0.11406581239965648
/workspace/datasets/cremad/AudioWAV/1004_TAI_NEU_XX.wav,cremad,neutral,happy,1,0.11729617214078385,0.557533099484315,0.30209352945412904,0.02307719892077224
/workspace/datasets/cremad/AudioWAV/1004_TAI_SAD_XX.wav,cremad,sad,happy,1,0.07052588145947902,0.649398858585135,0.13224576030902732,0.1478294996463587
/workspace/datasets/cremad/AudioWAV/1004_TIE_ANG_XX.wav,cremad,angry,angry,0,0.9995341141483609,0.00042389913760039705,4.193792230595891e-05,4.879173265468878e-08
/workspace/datasets/cremad/AudioWAV/1004_TIE_HAP_XX.wav,cremad,happy,angry,0,0.9753538901630981,0.01757083474077085,0.0070726968237785764,2.5782723524680166e-06
/workspace/datasets/cremad/AudioWAV/1004_TIE_NEU_XX.wav,cremad,neutral,happy,1,0.24606824950556408,0.372857566409092,0.29531420237885925,0.08575998170648459
/workspace/datasets/cremad/AudioWAV/1004_TIE_SAD_XX.wav,cremad,sad,happy,1,0.0009892061593531302,0.8743047815673695,0.006647249617926608,0.11805876265535081
/workspace/datasets/cremad/AudioWAV/1004_TSI_ANG_XX.wav,cremad,angry,angry,0,0.8269784364050534,0.1355135420526543,0.03750050742667515,7.514115617178813e-06
/workspace/datasets/cremad/AudioWAV/1004_TSI_HAP_XX.wav,cremad,happy,happy,1,0.1755204219418992,0.7109836723681666,0.10619157546624873,0.00730433022368545
/workspace/datasets/cremad/AudioWAV/1004_TSI_NEU_XX.wav,cremad,neutral,angry,0,0.41843609867513504,0.37328159575056613,0.20730647595451906,0.0009758296197797708
/workspace/datasets/cremad/AudioWAV/1004_TSI_SAD_XX.wav,cremad,sad,happy,1,0.0023649978865671593,0.8176658399312777,0.009205841088973776,0.1707633210931812
/workspace/datasets/cremad/AudioWAV/1004_WSI_ANG_XX.wav,cremad,angry,angry,0,0.97392410605236,0.02021322913907907,0.005681361194346976,0.00018130361421396464
/workspace/datasets/cremad/AudioWAV/1004_WSI_HAP_XX.wav,cremad,happy,angry,0,0.9478870124950326,0.04130369886340122,0.010772052024145082,3.7236617421012226e-05
/workspace/datasets/cremad/AudioWAV/1004_WSI_NEU_XX.wav,cremad,neutral,angry,0,0.4621001872497777,0.14644937138744438,0.37048071155660967,0.020969729806168333
/workspace/datasets/cremad/AudioWAV/1004_WSI_SAD_XX.wav,cremad,sad,happy,1,0.007335830423777977,0.7871606582509963,0.0498704924367925,0.15563301888843303
/workspace/datasets/cremad/AudioWAV/1005_DFA_ANG_XX.wav,cremad,angry,angry,0,0.9569324984289544,0.03498040564036502,0.007604095054967299,0.0004830008757131413
/workspace/datasets/cremad/AudioWAV/1005_DFA_HAP_XX.wav,cremad,happy,angry,0,0.5264460614683047,0.3957885045727528,0.07770617681377903,5.92571451634768e-05
/workspace/datasets/cremad/AudioWAV/1005_DFA_NEU_XX.wav,cremad,neutral,happy,1,0.127020073343181,0.7462224202879729,0.12514477045575026,0.0016127359130959388
/workspace/datasets/cremad/AudioWAV/1005_DFA_SAD_XX.wav,cremad,sad,happy,1,0.01683185470937522,0.9017024162243589,0.062355255715263444,0.019110473351002584
/workspace/datasets/cremad/AudioWAV/1005_IEO_ANG_HI.wav,cremad,angry,angry,0,0.9216454823380189,0.07282113893188748,0.003977890024401283,0.0015554887056922768
/workspace/datasets/cremad/AudioWAV/1005_IEO_ANG_LO.wav,cremad,angry,angry,0,0.5157880259688001,0.04432571708344748,0.4371307662728638,0.0027554906748886313
/workspace/datasets/cremad/AudioWAV/1005_IEO_ANG_MD.wav,cremad,angry,angry,0,0.9713157431882152,0.010926136802003545,0.014449477830789299,0.0033086421789918306
/workspace/datasets/cremad/AudioWAV/1005_IEO_HAP_HI.wav,cremad,happy,happy,1,0.27227288306912684,0.6975673016799858,0.024738768299056607,0.005421046951830707
/workspace/datasets/cremad/AudioWAV/1005_IEO_HAP_LO.wav,cremad,happy,happy,1,0.02595677283978012,0.6063804341985854,0.08552440247729858,0.28213839048433587
/workspace/datasets/cremad/AudioWAV/1005_IEO_HAP_MD.wav,cremad,happy,happy,1,0.06708762596178894,0.663304621515582,0.25414735979492076,0.015460392727708355
/workspace/datasets/cremad/AudioWAV/1005_IEO_NEU_XX.wav,cremad,neutral,happy,1,0.004125935146925921,0.5239407489624011,0.021333067907794177,0.45060024798287884
/workspace/datasets/cremad/AudioWAV/1005_IEO_SAD_HI.wav,cremad,sad,happy,1,0.0044229316661082265,0.9521892632731715,0.02465821788436169,0.01872958717635849
/workspace/datasets/cremad/AudioWAV/1005_IEO_SAD_LO.wav,cremad,sad,happy,1,0.013970477743016829,0.7416511054936722,0.07636373423720313,0.16801468252610785
/workspace/datasets/cremad/AudioWAV/1005_IEO_SAD_MD.wav,cremad,sad,happy,1,0.040690532093613015,0.9451855220652217,0.009790445980824012,0.004333499860341142
/workspace/datasets/cremad/AudioWAV/1005_IOM_ANG_XX.wav,cremad,angry,angry,0,0.6507319810273705,0.33639726307462187,0.012813420773442743,5.7335124564859694e-05
/workspace/datasets/cremad/AudioWAV/1005_IOM_HAP_XX.wav,cremad,happy,happy,1,0.09825016515537488,0.842216567497885,0.04939259774890319,0.010140669597836787
/workspace/datasets/cremad/AudioWAV/1005_IOM_NEU_XX.wav,cremad,neutral,happy,1,0.012604817338348456,0.7897340290726901,0.1872525139031864,0.010408639685775116
/workspace/datasets/cremad/AudioWAV/1005_IOM_SAD_XX.wav,cremad,sad,happy,1,0.0021006029177890904,0.7955078192701951,0.12581339702271815,0.07657818078929755
/workspace/datasets/cremad/AudioWAV/1005_ITH_ANG_XX.wav,cremad,angry,angry,0,0.9218163956030833,0.018479262880825045,0.058911501662424155,0.0007928398536676045
/workspace/datasets/cremad/AudioWAV/1005_ITH_HAP_XX.wav,cremad,happy,angry,0,0.7027420323154387,0.2221918638236099,0.07205437743153369,0.0030117264294176457
/workspace/datasets/cremad/AudioWAV/1005_ITH_NEU_XX.wav,cremad,neutral,happy,1,0.41314045590503673,0.46081760438550873,0.12211974752466119,0.003922192184793338
/workspace/datasets/cremad/AudioWAV/1005_ITH_SAD_XX.wav,cremad,sad,happy,1,0.10933897621697285,0.7118900136001146,0.1365099306802389,0.042261079502673576
/workspace/datasets/cremad/AudioWAV/1005_ITS_ANG_XX.wav,cremad,angry,angry,0,0.7890693818584118,0.19155258538669706,0.018671172624075295,0.0007068601308159054
/workspace/datasets/cremad/AudioWAV/1005_ITS_HAP_XX.wav,cremad,happy,angry,0,0.7851931407607772,0.2014487190946809,0.009004233252832167,0.004353906891709702
/workspace/datasets/cremad/AudioWAV/1005_ITS_NEU_XX.wav,cremad,neutral,angry,0,0.6003674156822836,0.33901596604530093,0.05621731784985822,0.004399300422557255
/workspace/datasets/cremad/AudioWAV/1005_ITS_SAD_XX.wav,cremad,sad,happy,1,0.10198564798471442,0.8401102967995439,0.054337826621481414,0.0035662285942604207
/workspace/datasets/cremad/AudioWAV/1005_IWL_ANG_XX.wav,cremad,angry,happy,1,0.092245210965192,0.8744064085053981,0.0323301578946136,0.0010182226347963848
/workspace/datasets/cremad/AudioWAV/1005_IWL_HAP_XX.wav,cremad,happy,angry,0,0.49701785551420574,0.4612332159563781,0.029988351979160045,0.011760576550256004
/workspace/datasets/cremad/AudioWAV/1005_IWL_NEU_XX.wav,cremad,neutral,happy,1,0.06404450877173241,0.522916454163759,0.30318690772422285,0.10985212934028575
/workspace/datasets/cremad/AudioWAV/1005_IWL_SAD_XX.wav,cremad,sad,happy,1,0.0073938129668766625,0.8497112264096189,0.03847349992408072,0.10442146069942365
/workspace/datasets/cremad/AudioWAV/1005_IWW_ANG_XX.wav,cremad,angry,happy,1,0.08557358082481147,0.8655708978956915,0.03701284017950797,0.011842681099989021
/workspace/datasets/cremad/AudioWAV/1005_IWW_HAP_XX.wav,cremad,happy,happy,1,0.10916208490980048,0.8246246471837775,0.053209298031213,0.013003969875209064
/workspace/datasets/cremad/AudioWAV/1005_IWW_NEU_XX.wav,cremad,neutral,happy,1,0.060555456974307455,0.7183439886677988,0.18494256837888093,0.03615798597901283
/workspace/datasets/cremad/AudioWAV/1005_IWW_SAD_XX.wav,cremad,sad,happy,1,0.2599157822381345,0.5985297099052344,0.12650282227687454,0.015051685579756578
/workspace/datasets/cremad/AudioWAV/1005_MTI_ANG_XX.wav,cremad,angry,angry,0,0.45336588574901465,0.3008968152870045,0.24369963779614975,0.0020376611678310963
/workspace/datasets/cremad/AudioWAV/1005_MTI_HAP_XX.wav,cremad,happy,angry,0,0.9481801431200334,0.044312623617175445,0.007394356565645752,0.00011287669714532833
/workspace/datasets/cremad/AudioWAV/1005_MTI_NEU_XX.wav,cremad,neutral,happy,1,0.02703694807073063,0.49679195334524534,0.43684148904512177,0.03932960953890223
/workspace/datasets/cremad/AudioWAV/1005_MTI_SAD_XX.wav,cremad,sad,happy,1,0.07631131654456452,0.609962283606131,0.2823242718011061,0.0314021280481983
