file_path,dataset,label,pred_label,pred_label_enc,proba_angry,proba_happy,proba_neutral,proba_sad
/workspace/datasets/cremad/AudioWAV/1001_DFA_ANG_XX.wav,cremad,angry,angry,0,0.3587010873113815,0.26396962188138656,0.34269047863900803,0.03463881216822393
/workspace/datasets/cremad/AudioWAV/1001_DFA_HAP_XX.wav,cremad,happy,neutral,2,0.3276128593628593,0.2574964129437813,0.3714792181502707,0.043411509543088485
/workspace/datasets/cremad/AudioWAV/1001_DFA_NEU_XX.wav,cremad,neutral,neutral,2,0.289080710955711,0.29302647352647343,0.34787765012765015,0.07001516539016539
/workspace/datasets/cremad/AudioWAV/1001_DFA_SAD_XX.wav,cremad,sad,neutral,2,0.11934541275717742,0.2656298440121969,0.38565713339483826,0.2293676098357873
/workspace/datasets/cremad/AudioWAV/1001_IEO_ANG_HI.wav,cremad,angry,angry,0,0.49552436452436466,0.30053460428460427,0.1902226245976246,0.013718406593406594
/workspace/datasets/cremad/AudioWAV/1001_IEO_ANG_LO.wav,cremad,angry,neutral,2,0.1986362942612942,0.292749006712242,0.41206010084686556,0.09655459817959816
/workspace/datasets/cremad/AudioWAV/1001_IEO_ANG_MD.wav,cremad,angry,angry,0,0.45172005772005774,0.2600223999856352,0.24528816444992915,0.04296937784437785
/workspace/datasets/cremad/AudioWAV/1001_IEO_HAP_HI.wav,cremad,happy,angry,0,0.44781480209900915,0.29163650149935316,0.23643093262946205,0.02411776377217554
/workspace/datasets/cremad/AudioWAV/1001_IEO_HAP_LO.wav,cremad,happy,neutral,2,0.2517209318459318,0.24780785064608588,0.43507798573975043,0.06539323176823177
/workspace/datasets/cremad/AudioWAV/1001_IEO_HAP_MD.wav,cremad,happy,angry,0,0.37337991067694176,0.2611672325547186,0.3373505979160807,0.028102258852258855
/workspace/datasets/cremad/AudioWAV/1001_IEO_NEU_XX.wav,cremad,neutral,neutral,2,0.11720829170829174,0.26984981684981685,0.47687010065957447,0.13607179078231707
/workspace/datasets/cremad/AudioWAV/1001_IEO_SAD_HI.wav,cremad,sad,neutral,2,0.17694258519258518,0.24821378621378623,0.41255162892662883,0.16229199966699967
/workspace/datasets/cremad/AudioWAV/1001_IEO_SAD_LO.wav,cremad,sad,neutral,2,0.07592332667332669,0.17860089910089907,0.42647671772671786,0.3189990564990565
/workspace/datasets/cremad/AudioWAV/1001_IEO_SAD_MD.wav,cremad,sad,neutral,2,0.14491326157502632,0.230604114839409,0.38836884325360693,0.2361137803319577
/workspace/datasets/cremad/AudioWAV/1001_IOM_ANG_XX.wav,cremad,angry,neutral,2,0.15185753135753133,0.2852524036421095,0.5098759957362897,0.053014069264069257
/workspace/datasets/cremad/AudioWAV/1001_IOM_HAP_XX.wav,cremad,happy,neutral,2,0.2940821139644669,0.3012254154173525,0.34117861879499806,0.06351385182318246
/workspace/datasets/cremad/AudioWAV/1001_IOM_NEU_XX.wav,cremad,neutral,neutral,2,0.1310317182817183,0.22170163935681175,0.5546129206042998,0.09265372175717002
/workspace/datasets/cremad/AudioWAV/1001_IOM_SAD_XX.wav,cremad,sad,neutral,2,0.1361418335997129,0.20273060515679434,0.5288290914748484,0.13229846976864418
/workspace/datasets/cremad/AudioWAV/1001_ITH_ANG_XX.wav,cremad,angry,angry,0,0.3936352945300314,0.2845196455591193,0.2678962864620758,0.053948773448773454
/workspace/datasets/cremad/AudioWAV/1001_ITH_HAP_XX.wav,cremad,happy,angry,0,0.38719079896711484,0.3071485654868008,0.2736162632517122,0.03204437229437229
/workspace/datasets/cremad/AudioWAV/1001_ITH_NEU_XX.wav,cremad,neutral,neutral,2,0.18401773044583677,0.26937657974900253,0.49828444690144374,0.04832124290371713
/workspace/datasets/cremad/AudioWAV/1001_ITH_SAD_XX.wav,cremad,sad,neutral,2,0.08867851592851593,0.20111147186147188,0.39156544844044844,0.31864456376956374
/workspace/datasets/cremad/AudioWAV/1001_ITS_ANG_XX.wav,cremad,angry,neutral,2,0.3347344968625395,0.26960601071210133,0.36057327904580233,0.03508621337955703
/workspace/datasets/cremad/AudioWAV/1001_ITS_HAP_XX.wav,cremad,happy,angry,0,0.43964744977244985,0.2253635114885115,0.30745332445332435,0.027535714285714285
/workspace/datasets/cremad/AudioWAV/1001_ITS_NEU_XX.wav,cremad,neutral,neutral,2,0.20740506715506707,0.3413094405594405,0.37924028749028743,0.07204520479520479
/workspace/datasets/cremad/AudioWAV/1001_ITS_SAD_XX.wav,cremad,sad,happy,1,0.13258652060950335,0.3540538458374668,0.32139556529836455,0.19196406825466517
/workspace/datasets/cremad/AudioWAV/1001_IWL_ANG_XX.wav,cremad,angry,angry,0,0.3722269663519664,0.2883061799311799,0.3027197674697673,0.036747086247086246
/workspace/datasets/cremad/AudioWAV/1001_IWL_HAP_XX.wav,cremad,happy,angry,0,0.4168843468193313,0.23853387986282723,0.3004255684116365,0.04415620490620491
/workspace/datasets/cremad/AudioWAV/1001_IWL_NEU_XX.wav,cremad,neutral,neutral,2,0.2647460309298545,0.2603952328989094,0.40754704785954776,0.0673116883116883
/workspace/datasets/cremad/AudioWAV/1001_IWL_SAD_XX.wav,cremad,sad,neutral,2,0.10880905279577847,0.2084000987704528,0.5647320529765221,0.1180587954572468
/workspace/datasets/cremad/AudioWAV/1001_IWW_ANG_XX.wav,cremad,angry,neutral,2,0.2893488733488734,0.2645341733429969,0.3830110592022356,0.06310589410589411
/workspace/datasets/cremad/AudioWAV/1001_IWW_HAP_XX.wav,cremad,happy,neutral,2,0.36381160914249155,0.20964200428054924,0.3748025288265226,0.0517438577504367
/workspace/datasets/cremad/AudioWAV/1001_IWW_NEU_XX.wav,cremad,neutral,neutral,2,0.13638327699246125,0.26647542035821137,0.5015546271461919,0.0955866755031353
/workspace/datasets/cremad/AudioWAV/1001_IWW_SAD_XX.wav,cremad,sad,neutral,2,0.1185463893745144,0.17573480165667668,0.3794926514457766,0.32622615752303247
/workspace/datasets/cremad/AudioWAV/1001_MTI_ANG_XX.wav,cremad,angry,neutral,2,0.33348732359904937,0.2320818346271887,0.3547687847632537,0.0796620570105083
/workspace/datasets/cremad/AudioWAV/1001_MTI_HAP_XX.wav,cremad,happy,angry,0,0.4525244167597109,0.2226209950180538,0.3007549117549117,0.024099676467323524
/workspace/datasets/cremad/AudioWAV/1001_MTI_NEU_XX.wav,cremad,neutral,neutral,2,0.3014626786235829,0.2489749154017771,0.40016326896114124,0.04939913701349871
/workspace/datasets/cremad/AudioWAV/1001_MTI_SAD_XX.wav,cremad,sad,neutral,2,0.16953008176680748,0.24256441258730743,0.5124104665673674,0.07549503907851764
/workspace/datasets/cremad/AudioWAV/1001_TAI_ANG_XX.wav,cremad,angry,angry,0,0.429576683664919,0.33269665002753235,0.21586352019440253,0.021863146113146114
/workspace/datasets/cremad/AudioWAV/1001_TAI_HAP_XX.wav,cremad,happy,neutral,2,0.3092601605910429,0.28374428186192896,0.3652082255979316,0.04178733194909665
/workspace/datasets/cremad/AudioWAV/1001_TAI_NEU_XX.wav,cremad,neutral,neutral,2,0.2982326701076701,0.30157007131155744,0.35173047098240606,0.04846678759836655
/workspace/datasets/cremad/AudioWAV/1001_TAI_SAD_XX.wav,cremad,sad,neutral,2,0.10026240165063696,0.2545350301659125,0.468844505663093,0.17635806252035763
/workspace/datasets/cremad/AudioWAV/1001_TIE_ANG_XX.wav,cremad,angry,neutral,2,0.23314466666418995,0.2862546164261227,0.4384966695122964,0.04210404739739104
/workspace/datasets/cremad/AudioWAV/1001_TIE_HAP_XX.wav,cremad,happy,angry,0,0.5392653188314952,0.2012724685445273,0.23644765528589054,0.02301455733808675
/workspace/datasets/cremad/AudioWAV/1001_TIE_NEU_XX.wav,cremad,neutral,neutral,2,0.2519778554778554,0.3063331113331113,0.38036113886113887,0.06132789432789432
/workspace/datasets/cremad/AudioWAV/1001_TIE_SAD_XX.wav,cremad,sad,neutral,2,0.08959989422342363,0.291977568346686,0.38633996314143376,0.23208257428845663
/workspace/datasets/cremad/AudioWAV/1001_TSI_ANG_XX.wav,cremad,angry,neutral,2,0.3277451853701852,0.2958479482470176,0.3553600483634181,0.021046818019378993
/workspace/datasets/cremad/AudioWAV/1001_TSI_HAP_XX.wav,cremad,happy,neutral,2,0.31976093324914073,0.24329017497177882,0.3548206311508199,0.0821282606282606
/workspace/datasets/cremad/AudioWAV/1001_TSI_NEU_XX.wav,cremad,neutral,neutral,2,0.20438164617277488,0.2791300802611584,0.4300922280463338,0.0863960455197329
/workspace/datasets/cremad/AudioWAV/1001_TSI_SAD_XX.wav,cremad,sad,neutral,2,0.10732181707181708,0.23542365967365964,0.3973675491175491,0.25988697413697415
/workspace/datasets/cremad/AudioWAV/1001_WSI_ANG_XX.wav,cremad,angry,angry,0,0.531717920967921,0.253699481074481,0.19031264568764564,0.02426995226995227
/workspace/datasets/cremad/AudioWAV/1001_WSI_HAP_XX.wav,cremad,happy,angry,0,0.5058620268620269,0.25444053169053166,0.19427611277611276,0.04542132867132867
/workspace/datasets/cremad/AudioWAV/1001_WSI_NEU_XX.wav,cremad,neutral,angry,0,0.45730007737360673,0.29265797601091714,0.2274918300653595,0.02255011655011656
/workspace/datasets/cremad/AudioWAV/1001_WSI_SAD_XX.wav,cremad,sad,neutral,2,0.3160260296119428,0.2739393973759298,0.3461578500618749,0.06387672295025236
/workspace/datasets/cremad/AudioWAV/1002_DFA_ANG_XX.wav,cremad,angry,angry,0,0.6614467215790744,0.24001576038340744,0.08210353535353536,0.016433982683982683
/workspace/datasets/cremad/AudioWAV/1002_DFA_HAP_XX.wav,cremad,happy,angry,0,0.47362400507988744,0.3761612749995102,0.12638932309520542,0.02382539682539683
/workspace/datasets/cremad/AudioWAV/1002_DFA_NEU_XX.wav,cremad,neutral,neutral,2,0.1299133422133422,0.213299422120707,0.38789268737798144,0.2688945482879694
/workspace/datasets/cremad/AudioWAV/1002_DFA_SAD_XX.wav,cremad,sad,neutral,2,0.13009778848602374,0.2121415373841844,0.40888931166872355,0.24887136246106834
/workspace/datasets/cremad/AudioWAV/1002_IEO_ANG_HI.wav,cremad,angry,angry,0,0.5795868265721207,0.22926745966451845,0.17282606282606278,0.018319650937297996
/workspace/datasets/cremad/AudioWAV/1002_IEO_ANG_LO.wav,cremad,angry,angry,0,0.5414902254608136,0.26613342866284034,0.1543741536241536,0.03800219225219225
/workspace/datasets/cremad/AudioWAV/1002_IEO_ANG_MD.wav,cremad,angry,angry,0,0.6467607808857808,0.24270661283161277,0.08973681873681874,0.020795787545787543
/workspace/datasets/cremad/AudioWAV/1002_IEO_HAP_HI.wav,cremad,happy,angry,0,0.3869202047952048,0.31062662337662345,0.26028382728382715,0.042169344544344546
/workspace/datasets/cremad/AudioWAV/1002_IEO_HAP_LO.wav,cremad,happy,neutral,2,0.17368201243201248,0.2282051004551005,0.37420676545676534,0.22390612165612175
/workspace/datasets/cremad/AudioWAV/1002_IEO_HAP_MD.wav,cremad,happy,angry,0,0.47751365301365317,0.1846514596514596,0.3114214674214674,0.026413419913419913
/workspace/datasets/cremad/AudioWAV/1002_IEO_NEU_XX.wav,cremad,neutral,neutral,2,0.09669717762675509,0.16493515128892094,0.45216000394707917,0.28620766713724466
/workspace/datasets/cremad/AudioWAV/1002_IEO_SAD_HI.wav,cremad,sad,sad,3,0.05921396068030286,0.23067353545377564,0.3042404553584132,0.40587204850750846
/workspace/datasets/cremad/AudioWAV/1002_IEO_SAD_LO.wav,cremad,sad,sad,3,0.06805785554314966,0.20358605446840744,0.3370330290624408,0.39132306092600216
/workspace/datasets/cremad/AudioWAV/1002_IEO_SAD_MD.wav,cremad,sad,neutral,2,0.10432241680242647,0.18467533044241283,0.4751663298867191,0.23583592286844152
/workspace/datasets/cremad/AudioWAV/1002_IOM_ANG_XX.wav,cremad,angry,angry,0,0.6579352140807248,0.2206868548118548,0.11122670325031002,0.01015122785711021
/workspace/datasets/cremad/AudioWAV/1002_IOM_HAP_XX.wav,cremad,happy,happy,1,0.2194975787021933,0.42495061579544346,0.24840035510091282,0.10715145040145042
/workspace/datasets/cremad/AudioWAV/1002_IOM_NEU_XX.wav,cremad,neutral,neutral,2,0.13580250305250308,0.24825941966530196,0.3562152667593844,0.25972281052281043
/workspace/datasets/cremad/AudioWAV/1002_IOM_SAD_XX.wav,cremad,sad,neutral,2,0.12964037686735705,0.2543121656121656,0.43003240035542006,0.1860150571650572
/workspace/datasets/cremad/AudioWAV/1002_ITH_ANG_XX.wav,cremad,angry,angry,0,0.5605175380175382,0.26015388777888776,0.1582180735930736,0.021110500610500606
/workspace/datasets/cremad/AudioWAV/1002_ITH_HAP_XX.wav,cremad,happy,angry,0,0.47656064442093865,0.34849375461140175,0.1432021793565911,0.03174342161106867
/workspace/datasets/cremad/AudioWAV/1002_ITH_NEU_XX.wav,cremad,neutral,neutral,2,0.11896708924853479,0.27107693208960415,0.3590210483960485,0.25093493026581265
/workspace/datasets/cremad/AudioWAV/1002_ITH_SAD_XX.wav,cremad,sad,neutral,2,0.1695458052521734,0.2922196451986485,0.34176529679470846,0.19646925275446947
/workspace/datasets/cremad/AudioWAV/1002_ITS_ANG_XX.wav,cremad,angry,angry,0,0.3222937526421569,0.306110652350014,0.28354674196961427,0.08804885303821473
/workspace/datasets/cremad/AudioWAV/1002_ITS_HAP_XX.wav,cremad,happy,angry,0,0.5514703474629945,0.29192793807499684,0.14003114614144022,0.01657056832056832
/workspace/datasets/cremad/AudioWAV/1002_ITS_NEU_XX.wav,cremad,neutral,neutral,2,0.14793868898672766,0.21153111118441303,0.40689570518579954,0.23363449464305966
/workspace/datasets/cremad/AudioWAV/1002_ITS_SAD_XX.wav,cremad,sad,neutral,2,0.07268696405210213,0.25147187213371425,0.3720352169832367,0.3038059468309468
/workspace/datasets/cremad/AudioWAV/1002_IWL_ANG_XX.wav,cremad,angry,happy,1,0.3046074758574759,0.41122417043740567,0.24647986164162636,0.03768849206349206
/workspace/datasets/cremad/AudioWAV/1002_IWL_HAP_XX.wav,cremad,happy,angry,0,0.3810977928939844,0.3076483636593823,0.27730599335124234,0.03394785009539091
/workspace/datasets/cremad/AudioWAV/1002_IWL_NEU_XX.wav,cremad,neutral,neutral,2,0.1576736740932407,0.22841738183041319,0.35656310125056523,0.257345842825781
/workspace/datasets/cremad/AudioWAV/1002_IWL_SAD_XX.wav,cremad,sad,neutral,2,0.108422932710207,0.23167662745750983,0.43215248827938957,0.22774795155289368
/workspace/datasets/cremad/AudioWAV/1002_IWW_ANG_XX.wav,cremad,angry,angry,0,0.5998028748427356,0.258115866417724,0.11436334597634903,0.027717912763191396
/workspace/datasets/cremad/AudioWAV/1002_IWW_HAP_XX.wav,cremad,happy,angry,0,0.4081334709304044,0.37248574560900827,0.17999798658842858,0.03938279687215858
/workspace/datasets/cremad/AudioWAV/1002_IWW_NEU_XX.wav,cremad,neutral,neutral,2,0.18754083490256054,0.27371451621575255,0.3513708896300646,0.18737375925162233
/workspace/datasets/cremad/AudioWAV/1002_IWW_SAD_XX.wav,cremad,sad,happy,1,0.14892233341371272,0.3307514815024956,0.3179512675176975,0.20237491756609402
/workspace/datasets/cremad/AudioWAV/1002_MTI_ANG_XX.wav,cremad,angry,angry,0,0.37404872552222707,0.3300458563818719,0.2579904654015364,0.03791495269436446
/workspace/datasets/cremad/AudioWAV/1002_MTI_HAP_XX.wav,cremad,happy,angry,0,0.44009471084471097,0.2398751202501203,0.2574187802937803,0.06261138861138861
/workspace/datasets/cremad/AudioWAV/1002_MTI_NEU_XX.wav,cremad,neutral,neutral,2,0.1064065990761099,0.18654662957882567,0.43628721243558366,0.2707595589094809
/workspace/datasets/cremad/AudioWAV/1002_MTI_SAD_XX.wav,cremad,sad,neutral,2,0.15403877827033596,0.2648556433785307,0.38811956456054214,0.19298601379059133
/workspace/datasets/cremad/AudioWAV/1002_TAI_ANG_XX.wav,cremad,angry,angry,0,0.5331555715526304,0.2554196171475583,0.19276139138639134,0.018663419913419913
/workspace/datasets/cremad/AudioWAV/1002_TAI_HAP_XX.wav,cremad,happy,angry,0,0.6534054972804971,0.18767675380175383,0.13579599567099565,0.023121753246753248
/workspace/datasets/cremad/AudioWAV/1002_TAI_NEU_XX.wav,cremad,neutral,happy,1,0.11041925618241405,0.31157395893580103,0.27573619436119434,0.3022705905205905
/workspace/datasets/cremad/AudioWAV/1002_TAI_SAD_XX.wav,cremad,sad,neutral,2,0.15616714409520233,0.2409304089542417,0.43285344413122684,0.1700490028193291
/workspace/datasets/cremad/AudioWAV/1002_TIE_ANG_XX.wav,cremad,angry,angry,0,0.7339392135642135,0.19544769119769118,0.05632738095238096,0.014285714285714284
/workspace/datasets/cremad/AudioWAV/1002_TIE_HAP_XX.wav,cremad,happy,angry,0,0.49139249746641406,0.36694452095032576,0.12515948757125225,0.016503494012007944
/workspace/datasets/cremad/AudioWAV/1002_TIE_SAD_XX.wav,cremad,sad,angry,0,0.37957532418561835,0.3298046587915007,0.2625295088898029,0.028090508133077795
/workspace/datasets/cremad/AudioWAV/1002_TSI_ANG_XX.wav,cremad,angry,angry,0,0.4054464285714286,0.31952876947613795,0.2036430126890653,0.0713817892633682
/workspace/datasets/cremad/AudioWAV/1002_TSI_HAP_XX.wav,cremad,happy,angry,0,0.41929549698667357,0.3745746320672791,0.15500680120533059,0.051123069740716794
/workspace/datasets/cremad/AudioWAV/1002_TSI_NEU_XX.wav,cremad,neutral,neutral,2,0.15141089710942646,0.2792455480106409,0.38019400796142294,0.18914954691850977
/workspace/datasets/cremad/AudioWAV/1002_TSI_SAD_XX.wav,cremad,sad,neutral,2,0.1359170412920413,0.25868282882408267,0.3217390158860746,0.28366111399780125
/workspace/datasets/cremad/AudioWAV/1002_WSI_ANG_XX.wav,cremad,angry,angry,0,0.6447346403596402,0.20856012043512037,0.11946245421245416,0.027242784992784996
/workspace/datasets/cremad/AudioWAV/1002_WSI_HAP_XX.wav,cremad,happy,angry,0,0.3814007659007659,0.3235612998112998,0.23383283383283385,0.061205100455100456
/workspace/datasets/cremad/AudioWAV/1002_WSI_NEU_XX.wav,cremad,neutral,neutral,2,0.23438592190674412,0.25585028064624615,0.3453671671860177,0.16439663026099194
/workspace/datasets/cremad/AudioWAV/1002_WSI_SAD_XX.wav,cremad,sad,happy,1,0.1691642309634893,0.29913222652227506,0.28627746002041765,0.24542608249381787
/workspace/datasets/cremad/AudioWAV/1003_DFA_ANG_XX.wav,cremad,angry,angry,0,0.706611777111777,0.21717851592851592,0.06658669108669107,0.009623015873015872
/workspace/datasets/cremad/AudioWAV/1003_DFA_HAP_XX.wav,cremad,happy,angry,0,0.39990226440226445,0.3918550893550893,0.17147388722388718,0.03676875901875902
/workspace/datasets/cremad/AudioWAV/1003_DFA_NEU_XX.wav,cremad,neutral,neutral,2,0.255034011739894,0.3159604017413614,0.32305946422858184,0.10594612229016255
/workspace/datasets/cremad/AudioWAV/1003_DFA_SAD_XX.wav,cremad,sad,neutral,2,0.11636480358306983,0.18991943465031697,0.4167601238630649,0.27695563790354816
/workspace/datasets/cremad/AudioWAV/1003_IEO_ANG_HI.wav,cremad,angry,angry,0,0.4362973970473972,0.3399657564657565,0.1878385780885781,0.035898268398268394
/workspace/datasets/cremad/AudioWAV/1003_IEO_ANG_LO.wav,cremad,angry,angry,0,0.34869604376531627,0.3426003672969616,0.2655690665973174,0.04313452234040469
/workspace/datasets/cremad/AudioWAV/1003_IEO_ANG_MD.wav,cremad,angry,angry,0,0.5585390026640027,0.3251305916305916,0.0755931984681985,0.04073720723720724
/workspace/datasets/cremad/AudioWAV/1003_IEO_HAP_HI.wav,cremad,happy,neutral,2,0.28981478243978254,0.3006967889924546,0.3749973553135318,0.03449107325423115
/workspace/datasets/cremad/AudioWAV/1003_IEO_HAP_LO.wav,cremad,happy,neutral,2,0.14173902159931573,0.2365121267621268,0.3766973630944218,0.24505148854413555
/workspace/datasets/cremad/AudioWAV/1003_IEO_HAP_MD.wav,cremad,happy,happy,1,0.30697297841047827,0.33616647472897476,0.2987655585155585,0.05809498834498835
/workspace/datasets/cremad/AudioWAV/1003_IEO_NEU_XX.wav,cremad,neutral,neutral,2,0.17482065157065158,0.2525978465978466,0.4302114552114552,0.14237004662004657
/workspace/datasets/cremad/AudioWAV/1003_IEO_SAD_HI.wav,cremad,sad,neutral,2,0.059904232456212646,0.2005762432012431,0.3844424208904405,0.3550771034521036
/workspace/datasets/cremad/AudioWAV/1003_IEO_SAD_LO.wav,cremad,sad,sad,3,0.07490513081689552,0.1697774047847577,0.3650302752802753,0.39028718911807153
/workspace/datasets/cremad/AudioWAV/1003_IEO_SAD_MD.wav,cremad,sad,neutral,2,0.10602501037110824,0.1753978896920073,0.3958444985599332,0.32273260137695126
/workspace/datasets/cremad/AudioWAV/1003_IOM_ANG_XX.wav,cremad,angry,happy,1,0.40052085904291795,0.4381824931604343,0.13144227994227994,0.029854367854367854
/workspace/datasets/cremad/AudioWAV/1003_IOM_HAP_XX.wav,cremad,happy,neutral,2,0.3245642094403704,0.2917099951991593,0.33862683876151356,0.04509895659895661
/workspace/datasets/cremad/AudioWAV/1003_IOM_NEU_XX.wav,cremad,neutral,angry,0,0.3666578454225512,0.29037140473905176,0.30650913792090256,0.03646161191749427
/workspace/datasets/cremad/AudioWAV/1003_IOM_SAD_XX.wav,cremad,sad,neutral,2,0.06913175979606791,0.21729297274829185,0.45126422050141585,0.2623110469542244
/workspace/datasets/cremad/AudioWAV/1003_ITH_ANG_XX.wav,cremad,angry,angry,0,0.5589058653764536,0.3069738937533055,0.09568373293373295,0.038436507936507935
/workspace/datasets/cremad/AudioWAV/1003_ITH_HAP_XX.wav,cremad,happy,happy,1,0.3076317048797702,0.3465321749826902,0.2929632132292183,0.052872906908321235
/workspace/datasets/cremad/AudioWAV/1003_ITH_NEU_XX.wav,cremad,neutral,angry,0,0.3591657686098585,0.341409072213741,0.2587839254101667,0.04064123376623376
/workspace/datasets/cremad/AudioWAV/1003_ITH_SAD_XX.wav,cremad,sad,neutral,2,0.14639703928645698,0.2577419459972651,0.368066613941614,0.22779440077466392
/workspace/datasets/cremad/AudioWAV/1003_ITS_ANG_XX.wav,cremad,angry,angry,0,0.630452047952048,0.2426036741036741,0.0988488872238872,0.02809539072039072
/workspace/datasets/cremad/AudioWAV/1003_ITS_HAP_XX.wav,cremad,happy,angry,0,0.33591709325532854,0.25802699043875515,0.3099323361823361,0.09612358012358012
/workspace/datasets/cremad/AudioWAV/1003_ITS_NEU_XX.wav,cremad,neutral,neutral,2,0.15079696855432148,0.2546139220256866,0.3169239828798651,0.2776651265401266
/workspace/datasets/cremad/AudioWAV/1003_ITS_SAD_XX.wav,cremad,sad,neutral,2,0.07299601485681859,0.22106417030681735,0.36964964259030936,0.3362901722460547
/workspace/datasets/cremad/AudioWAV/1003_IWL_ANG_XX.wav,cremad,angry,angry,0,0.7340927724236549,0.1956782025164378,0.05125751046339283,0.018971514596514596
/workspace/datasets/cremad/AudioWAV/1003_IWL_HAP_XX.wav,cremad,happy,happy,1,0.34466747713071244,0.3901809163059163,0.2375032549150196,0.027648351648351645
/workspace/datasets/cremad/AudioWAV/1003_IWL_NEU_XX.wav,cremad,neutral,happy,1,0.282011544011544,0.3657621961371962,0.3212234432234432,0.031002816627816628
/workspace/datasets/cremad/AudioWAV/1003_IWL_SAD_XX.wav,cremad,sad,neutral,2,0.1385031637536734,0.23493645243645236,0.44274316018382703,0.18381722362604713
/workspace/datasets/cremad/AudioWAV/1003_IWW_ANG_XX.wav,cremad,angry,angry,0,0.4790168997668999,0.3546420246420246,0.14303565878565874,0.023305416805416805
/workspace/datasets/cremad/AudioWAV/1003_IWW_HAP_XX.wav,cremad,happy,angry,0,0.49555225330225317,0.28460850944750526,0.1917839448415006,0.028055292408740686
/workspace/datasets/cremad/AudioWAV/1003_IWW_NEU_XX.wav,cremad,neutral,neutral,2,0.1844827362180303,0.22119610373286844,0.46683570840923777,0.1274854516398634
/workspace/datasets/cremad/AudioWAV/1003_IWW_SAD_XX.wav,cremad,sad,neutral,2,0.11449279258889045,0.24473061252473008,0.3916615185712257,0.24911507631515367
/workspace/datasets/cremad/AudioWAV/1003_MTI_ANG_XX.wav,cremad,angry,angry,0,0.5946310356310357,0.28846613109113106,0.083640318015318,0.033262515262515266
/workspace/datasets/cremad/AudioWAV/1003_MTI_HAP_XX.wav,cremad,happy,happy,1,0.3236925982514218,0.3714763163094365,0.2540958762039324,0.05073520923520923
/workspace/datasets/cremad/AudioWAV/1003_MTI_NEU_XX.wav,cremad,neutral,neutral,2,0.16774134272806837,0.23577649590273217,0.46016969458328133,0.13631246678591813
/workspace/datasets/cremad/AudioWAV/1003_MTI_SAD_XX.wav,cremad,sad,neutral,2,0.12298100918689153,0.2717303590802042,0.4072275130270486,0.19806111870585558
/workspace/datasets/cremad/AudioWAV/1003_TAI_ANG_XX.wav,cremad,angry,angry,0,0.6552822732822732,0.24994103119103117,0.08011796536796537,0.014658730158730158
/workspace/datasets/cremad/AudioWAV/1003_TAI_HAP_XX.wav,cremad,happy,angry,0,0.48001418026418025,0.26932279240367474,0.21151872718784478,0.039144300144300155
/workspace/datasets/cremad/AudioWAV/1003_TAI_NEU_XX.wav,cremad,neutral,neutral,2,0.26523313206401444,0.32365984081278193,0.3447285477594302,0.06637847936377347
/workspace/datasets/cremad/AudioWAV/1003_TAI_SAD_XX.wav,cremad,sad,neutral,2,0.30039802175739294,0.2085554043095279,0.43583683780577337,0.05520973612730578
/workspace/datasets/cremad/AudioWAV/1003_TIE_ANG_XX.wav,cremad,angry,angry,0,0.6072925321152874,0.2811716001576683,0.09731012288365229,0.014225744843391902
/workspace/datasets/cremad/AudioWAV/1003_TIE_HAP_XX.wav,cremad,happy,neutral,2,0.23428018546604273,0.33904957730644447,0.35543697315756156,0.07123326406995138
/workspace/datasets/cremad/AudioWAV/1003_TIE_NEU_XX.wav,cremad,neutral,neutral,2,0.24298626373626372,0.23286540424659616,0.492496895734125,0.03165143628301523
/workspace/datasets/cremad/AudioWAV/1003_TIE_SAD_XX.wav,cremad,sad,neutral,2,0.10211013766211789,0.2399922716172716,0.33597515091087565,0.3219224398097348
/workspace/datasets/cremad/AudioWAV/1003_TSI_ANG_XX.wav,cremad,angry,happy,1,0.250613357402831,0.3171503335845441,0.2837327015090173,0.14850360750360747
/workspace/datasets/cremad/AudioWAV/1003_TSI_HAP_XX.wav,cremad,happy,neutral,2,0.199540034040034,0.21413844026344026,0.3174906047111929,0.2688309209853326
/workspace/datasets/cremad/AudioWAV/1003_TSI_NEU_XX.wav,cremad,neutral,neutral,2,0.17636396011396013,0.31306413956413953,0.35769648869648873,0.15287541162541163
/workspace/datasets/cremad/AudioWAV/1003_TSI_SAD_XX.wav,cremad,sad,sad,3,0.09656156343656344,0.2069943944943945,0.32743808968808963,0.3690059523809525
/workspace/datasets/cremad/AudioWAV/1003_WSI_ANG_XX.wav,cremad,angry,angry,0,0.6564012047893629,0.2638497160734003,0.0658403489785069,0.013908730158730159
/workspace/datasets/cremad/AudioWAV/1003_WSI_HAP_XX.wav,cremad,happy,angry,0,0.3864637584637585,0.32958988233988223,0.2491162726162726,0.03483008658008658
/workspace/datasets/cremad/AudioWAV/1003_WSI_NEU_XX.wav,cremad,neutral,neutral,2,0.1922308252057584,0.32023361096056874,0.37339432859398636,0.11414123523968661
/workspace/datasets/cremad/AudioWAV/1003_WSI_SAD_XX.wav,cremad,sad,neutral,2,0.11243472837349909,0.22515524620981608,0.40186238596463364,0.26054763945205117
/workspace/datasets/cremad/AudioWAV/1004_DFA_ANG_XX.wav,cremad,angry,angry,0,0.5397791236541235,0.23709780497280492,0.17542346542346532,0.04769960594960594
/workspace/datasets/cremad/AudioWAV/1004_DFA_HAP_XX.wav,cremad,happy,angry,0,0.46384509934509943,0.24581127206127207,0.25956557331557323,0.03077805527805528
/workspace/datasets/cremad/AudioWAV/1004_DFA_NEU_XX.wav,cremad,neutral,neutral,2,0.24668389616919023,0.272196072903032,0.3344373693341253,0.1466826615936523
/workspace/datasets/cremad/AudioWAV/1004_DFA_SAD_XX.wav,cremad,sad,sad,3,0.06461943611943612,0.20817425818935104,0.2681872859252891,0.45901901976592385
/workspace/datasets/cremad/AudioWAV/1004_IEO_ANG_HI.wav,cremad,angry,angry,0,0.6441386113886114,0.2533516483516483,0.08259035409035409,0.01991938616938617
/workspace/datasets/cremad/AudioWAV/1004_IEO_ANG_LO.wav,cremad,angry,angry,0,0.51226177988678,0.24425690975690986,0.2257356254856254,0.01774568487068487
/workspace/datasets/cremad/AudioWAV/1004_IEO_ANG_MD.wav,cremad,angry,angry,0,0.5677007714507714,0.3207722971472971,0.09042475579975581,0.021102175602175602
/workspace/datasets/cremad/AudioWAV/1004_IEO_HAP_HI.wav,cremad,happy,angry,0,0.5383846708846708,0.4091571206571208,0.043870546120546125,0.008587662337662337
/workspace/datasets/cremad/AudioWAV/1004_IEO_HAP_LO.wav,cremad,happy,neutral,2,0.126647137141818,0.23181868869900782,0.426398532023532,0.2151356421356421
/workspace/datasets/cremad/AudioWAV/1004_IEO_HAP_MD.wav,cremad,happy,angry,0,0.36591052003551994,0.30327586302586296,0.28761617549117546,0.04319744144744145
/workspace/datasets/cremad/AudioWAV/1004_IEO_NEU_XX.wav,cremad,neutral,neutral,2,0.1865928597738365,0.20177503374959432,0.43603612451022117,0.17559598196634812
/workspace/datasets/cremad/AudioWAV/1004_IEO_SAD_HI.wav,cremad,sad,sad,3,0.058959901209901217,0.17777597810686044,0.31851508458861405,0.44474903609462435
/workspace/datasets/cremad/AudioWAV/1004_IEO_SAD_LO.wav,cremad,sad,neutral,2,0.11717031582345984,0.24541604079940804,0.3469641304717369,0.2904495129053952
/workspace/datasets/cremad/AudioWAV/1004_IEO_SAD_MD.wav,cremad,sad,sad,3,0.05673826173826174,0.2193367604617604,0.34126966089466093,0.3826553169053172
/workspace/datasets/cremad/AudioWAV/1004_IOM_ANG_XX.wav,cremad,angry,angry,0,0.4913127387318563,0.23884808247308237,0.22863066508654747,0.04120851370851371
/workspace/datasets/cremad/AudioWAV/1004_IOM_HAP_XX.wav,cremad,happy,angry,0,0.47659165181224006,0.2598886750504397,0.2504920341096811,0.013027639027639029
/workspace/datasets/cremad/AudioWAV/1004_IOM_NEU_XX.wav,cremad,neutral,neutral,2,0.09494775024110974,0.1913251341570306,0.4258007225504665,0.287926393051393
/workspace/datasets/cremad/AudioWAV/1004_IOM_SAD_XX.wav,cremad,sad,neutral,2,0.0750149709445484,0.2037029766008639,0.363120894363852,0.35816115809073557
/workspace/datasets/cremad/AudioWAV/1004_ITH_ANG_XX.wav,cremad,angry,angry,0,0.5739130175380178,0.26200598013098014,0.14608558108558106,0.017995421245421243
/workspace/datasets/cremad/AudioWAV/1004_ITH_HAP_XX.wav,cremad,happy,neutral,2,0.19755337717837723,0.26951546333783166,0.3449326937682201,0.1879984657155709
/workspace/datasets/cremad/AudioWAV/1004_ITH_NEU_XX.wav,cremad,neutral,neutral,2,0.25422505272505275,0.23872895731719257,0.3582288724347547,0.14881711752299986
/workspace/datasets/cremad/AudioWAV/1004_ITH_SAD_XX.wav,cremad,sad,neutral,2,0.09348570468296633,0.19407008568462555,0.35662779421422236,0.3558164154181858
/workspace/datasets/cremad/AudioWAV/1004_ITS_ANG_XX.wav,cremad,angry,angry,0,0.4601681901431902,0.2825439893439892,0.21268944111444107,0.04459837939837939
/workspace/datasets/cremad/AudioWAV/1004_ITS_HAP_XX.wav,cremad,happy,neutral,2,0.21708466206995614,0.2714443532903284,0.37140721877022187,0.14006376586949343
/workspace/datasets/cremad/AudioWAV/1004_ITS_NEU_XX.wav,cremad,neutral,neutral,2,0.22690170613700023,0.264626517273576,0.32262935675435683,0.18584241983506689
/workspace/datasets/cremad/AudioWAV/1004_ITS_SAD_XX.wav,cremad,sad,sad,3,0.08617365967365968,0.24399114774114763,0.29895381007881006,0.3708813825063825
/workspace/datasets/cremad/AudioWAV/1004_IWL_ANG_XX.wav,cremad,angry,angry,0,0.6510048562548562,0.22043240093240096,0.12589607614607612,0.0026666666666666666
/workspace/datasets/cremad/AudioWAV/1004_IWL_HAP_XX.wav,cremad,happy,happy,1,0.26637436769579625,0.412773940345369,0.2836091487877202,0.0372425431711146
/workspace/datasets/cremad/AudioWAV/1004_IWL_NEU_XX.wav,cremad,neutral,neutral,2,0.26854537129537126,0.24446152531678847,0.4165518414334205,0.07044126195441985
/workspace/datasets/cremad/AudioWAV/1004_IWL_SAD_XX.wav,cremad,sad,angry,0,0.34503325840825844,0.301692932067932,0.2804121572871572,0.07286165223665222
/workspace/datasets/cremad/AudioWAV/1004_IWW_ANG_XX.wav,cremad,angry,angry,0,0.368266152148505,0.24297346444405277,0.34545410635116514,0.04330627705627706
/workspace/datasets/cremad/AudioWAV/1004_IWW_HAP_XX.wav,cremad,happy,neutral,2,0.1082638929901315,0.2043215043497108,0.4307142045696558,0.25670039809050194
/workspace/datasets/cremad/AudioWAV/1004_IWW_NEU_XX.wav,cremad,neutral,neutral,2,0.20032696747913423,0.2234770930996529,0.3948189619825487,0.18137697743866404
/workspace/datasets/cremad/AudioWAV/1004_IWW_SAD_XX.wav,cremad,sad,sad,3,0.08811031452207922,0.20565047615782905,0.2976988000615051,0.40854040925858676
/workspace/datasets/cremad/AudioWAV/1004_MTI_ANG_XX.wav,cremad,angry,angry,0,0.4232113303363303,0.2599428626928627,0.27377598790098784,0.04306981906981907
/workspace/datasets/cremad/AudioWAV/1004_MTI_HAP_XX.wav,cremad,happy,neutral,2,0.11687931293129314,0.24083013963161015,0.40926249379139584,0.23302805364570062
/workspace/datasets/cremad/AudioWAV/1004_MTI_NEU_XX.wav,cremad,neutral,neutral,2,0.1934056199576001,0.2969126429126429,0.3674039593519791,0.14227777777777775
/workspace/datasets/cremad/AudioWAV/1004_MTI_SAD_XX.wav,cremad,sad,neutral,2,0.11387361393395874,0.2296566087169535,0.38445396270396287,0.27201581464512503
/workspace/datasets/cremad/AudioWAV/1004_TAI_ANG_XX.wav,cremad,angry,angry,0,0.48194015706515714,0.2236177156177156,0.25186098623598624,0.042581141081141076
/workspace/datasets/cremad/AudioWAV/1004_TAI_HAP_XX.wav,cremad,happy,neutral,2,0.18228983744608832,0.25669966142944534,0.32648710723031854,0.23452339389414786
/workspace/datasets/cremad/AudioWAV/1004_TAI_NEU_XX.wav,cremad,neutral,neutral,2,0.18077631835212452,0.33072164171722873,0.3938331539945787,0.09466888593606798
/workspace/datasets/cremad/AudioWAV/1004_TAI_SAD_XX.wav,cremad,sad,sad,3,0.11435692085692085,0.28001461038961034,0.2871689699189699,0.3184594988344988
/workspace/datasets/cremad/AudioWAV/1004_TIE_ANG_XX.wav,cremad,angry,angry,0,0.6844018122400475,0.22269408369408372,0.07996525125201598,0.012938852813852812
/workspace/datasets/cremad/AudioWAV/1004_TIE_HAP_XX.wav,cremad,happy,angry,0,0.5594206210456211,0.25330118492618486,0.1710934898434898,0.016184704184704184
/workspace/datasets/cremad/AudioWAV/1004_TIE_NEU_XX.wav,cremad,neutral,neutral,2,0.17763862453336135,0.2228443274561695,0.3755831025699446,0.22393394544052436
/workspace/datasets/cremad/AudioWAV/1004_TIE_SAD_XX.wav,cremad,sad,sad,3,0.05364177489177489,0.15461002886002884,0.3727575480075481,0.41899064824064813
/workspace/datasets/cremad/AudioWAV/1004_TSI_ANG_XX.wav,cremad,angry,angry,0,0.4704474659327599,0.261812487349252,0.23087282407135348,0.03686722264663442
/workspace/datasets/cremad/AudioWAV/1004_TSI_HAP_XX.wav,cremad,happy,neutral,2,0.2612993184146435,0.25407509505458414,0.3572065475374299,0.12741903899334242
/workspace/datasets/cremad/AudioWAV/1004_TSI_NEU_XX.wav,cremad,neutral,neutral,2,0.20511774986243064,0.3254445286449698,0.3882838577411748,0.08115386375142472
/workspace/datasets/cremad/AudioWAV/1004_TSI_SAD_XX.wav,cremad,sad,neutral,2,0.07055137917637916,0.19144662935104115,0.38375361240067135,0.35424837907190865
/workspace/datasets/cremad/AudioWAV/1004_WSI_ANG_XX.wav,cremad,angry,angry,0,0.5753804251304251,0.20062867687867686,0.1937744755244755,0.030216422466422466
/workspace/datasets/cremad/AudioWAV/1004_WSI_HAP_XX.wav,cremad,happy,angry,0,0.5577131349043113,0.29848910321704436,0.116051008631891,0.027746753246753252
/workspace/datasets/cremad/AudioWAV/1004_WSI_NEU_XX.wav,cremad,neutral,angry,0,0.3383213893949189,0.29179420905891484,0.32220007933243233,0.04768432221373398
/workspace/datasets/cremad/AudioWAV/1004_WSI_SAD_XX.wav,cremad,sad,sad,3,0.06732295262493282,0.164644129019129,0.3810242228604006,0.3870086954955376
/workspace/datasets/cremad/AudioWAV/1005_DFA_ANG_XX.wav,cremad,angry,angry,0,0.5065109196359197,0.3014557387057387,0.16563615551115551,0.02639718614718614
/workspace/datasets/cremad/AudioWAV/1005_DFA_HAP_XX.wav,cremad,happy,angry,0,0.5473572399822398,0.23629015429015443,0.1874709318459318,0.028881673881673883
/workspace/datasets/cremad/AudioWAV/1005_DFA_NEU_XX.wav,cremad,neutral,angry,0,0.3715013042513041,0.248600253547622,0.3498479188939716,0.03005052330710225
/workspace/datasets/cremad/AudioWAV/1005_DFA_SAD_XX.wav,cremad,sad,neutral,2,0.10744320663992366,0.290658809327927,0.406708363281383,0.19518962075076626
/workspace/datasets/cremad/AudioWAV/1005_IEO_ANG_HI.wav,cremad,angry,angry,0,0.6376512907027613,0.22418611780376477,0.11549581382669614,0.022666777666777667
/workspace/datasets/cremad/AudioWAV/1005_IEO_ANG_LO.wav,cremad,angry,neutral,2,0.17378865742101035,0.2712750599933263,0.4927320537219918,0.062204228863671586
/workspace/datasets/cremad/AudioWAV/1005_IEO_ANG_MD.wav,cremad,angry,angry,0,0.39381268731268726,0.2270566378066378,0.31554695304695296,0.06358372183372181
/workspace/datasets/cremad/AudioWAV/1005_IEO_HAP_HI.wav,cremad,happy,angry,0,0.4702666524651819,0.2820247905689082,0.21861384612119902,0.02909471084471084
/workspace/datasets/cremad/AudioWAV/1005_IEO_HAP_LO.wav,cremad,happy,sad,3,0.14604987496163965,0.22553356121003176,0.31232553965642196,0.31609102417190654
/workspace/datasets/cremad/AudioWAV/1005_IEO_HAP_MD.wav,cremad,happy,neutral,2,0.20091871070556017,0.21192350889042963,0.49065986568429504,0.09649791471971506
/workspace/datasets/cremad/AudioWAV/1005_IEO_NEU_XX.wav,cremad,neutral,neutral,2,0.1001472116991919,0.18951645576645576,0.4394195548675747,0.27091677766677763
/workspace/datasets/cremad/AudioWAV/1005_IEO_SAD_HI.wav,cremad,sad,neutral,2,0.1081561812448871,0.15963577975613372,0.49756759463508343,0.23464044436389564
/workspace/datasets/cremad/AudioWAV/1005_IEO_SAD_LO.wav,cremad,sad,sad,3,0.05429575979575979,0.1283914835164835,0.33664561827061823,0.4806671384171385
/workspace/datasets/cremad/AudioWAV/1005_IEO_SAD_MD.wav,cremad,sad,neutral,2,0.11698180247648332,0.21584808985340903,0.3567847707847708,0.3103853368853368
/workspace/datasets/cremad/AudioWAV/1005_IOM_ANG_XX.wav,cremad,angry,angry,0,0.5448292540792541,0.30301140526140524,0.12818090243090244,0.02397843822843823
/workspace/datasets/cremad/AudioWAV/1005_IOM_HAP_XX.wav,cremad,happy,angry,0,0.38048341453232765,0.33955281312890007,0.24289345376845375,0.03707031857031857
/workspace/datasets/cremad/AudioWAV/1005_IOM_NEU_XX.wav,cremad,neutral,neutral,2,0.09787818647154597,0.1941263321420522,0.5264801539087793,0.1815153274776225
/workspace/datasets/cremad/AudioWAV/1005_IOM_SAD_XX.wav,cremad,sad,neutral,2,0.08122050180777611,0.1574063325563325,0.4068059638887476,0.35456720174714396
/workspace/datasets/cremad/AudioWAV/1005_ITH_ANG_XX.wav,cremad,angry,angry,0,0.4811156498730028,0.2958435020861492,0.191264319014319,0.03177652902652903
/workspace/datasets/cremad/AudioWAV/1005_ITH_HAP_XX.wav,cremad,happy,angry,0,0.40273350260850266,0.3918574619824619,0.17006743256743254,0.03534160284160284
/workspace/datasets/cremad/AudioWAV/1005_ITH_NEU_XX.wav,cremad,neutral,happy,1,0.27184225997837613,0.36248157493847155,0.2948823331840572,0.07079383189909504
/workspace/datasets/cremad/AudioWAV/1005_ITH_SAD_XX.wav,cremad,sad,neutral,2,0.1895271683199601,0.30214609648940904,0.40827039776404433,0.10005633742658633
/workspace/datasets/cremad/AudioWAV/1005_ITS_ANG_XX.wav,cremad,angry,angry,0,0.4499216200466199,0.4101798618048617,0.11841550116550117,0.02148301698301698
/workspace/datasets/cremad/AudioWAV/1005_ITS_HAP_XX.wav,cremad,happy,angry,0,0.4133905351894483,0.38589241796850493,0.166961815961816,0.03375523088023088
/workspace/datasets/cremad/AudioWAV/1005_ITS_NEU_XX.wav,cremad,neutral,neutral,2,0.28090697718174495,0.25859527838862206,0.41265657467747263,0.04784116975216047
/workspace/datasets/cremad/AudioWAV/1005_ITS_SAD_XX.wav,cremad,sad,neutral,2,0.15559710327512183,0.2660781942515688,0.5125632210067195,0.0657614814665898
/workspace/datasets/cremad/AudioWAV/1005_IWL_ANG_XX.wav,cremad,angry,happy,1,0.42427127039627033,0.4449755383505385,0.11639557664557663,0.014357614607614606
/workspace/datasets/cremad/AudioWAV/1005_IWL_HAP_XX.wav,cremad,happy,angry,0,0.35720221445221445,0.31693395819866405,0.29186482471776587,0.03399900263135557
/workspace/datasets/cremad/AudioWAV/1005_IWL_NEU_XX.wav,cremad,neutral,neutral,2,0.16344132259156516,0.32905793679065354,0.4424529726051862,0.06504776801259518
/workspace/datasets/cremad/AudioWAV/1005_IWL_SAD_XX.wav,cremad,sad,neutral,2,0.09679737503875435,0.18497983909261795,0.46453189653456095,0.25369088933406675
/workspace/datasets/cremad/AudioWAV/1005_IWW_ANG_XX.wav,cremad,angry,neutral,2,0.19777498971616614,0.26674206594059535,0.3202328357916593,0.21525010855157917
/workspace/datasets/cremad/AudioWAV/1005_IWW_HAP_XX.wav,cremad,happy,happy,1,0.20216859509817253,0.343251913774801,0.33025033436829204,0.12432915675873424
/workspace/datasets/cremad/AudioWAV/1005_IWW_NEU_XX.wav,cremad,neutral,neutral,2,0.13452414232871981,0.25983294401906654,0.48058648841032825,0.12505642524188504
/workspace/datasets/cremad/AudioWAV/1005_IWW_SAD_XX.wav,cremad,sad,neutral,2,0.10399425354623375,0.20789335664335656,0.4444388954996203,0.24367349431078936
/workspace/datasets/cremad/AudioWAV/1005_MTI_ANG_XX.wav,cremad,angry,angry,0,0.4267040043290043,0.340373134528307,0.2026695265800235,0.030253334562665192
/workspace/datasets/cremad/AudioWAV/1005_MTI_HAP_XX.wav,cremad,happy,angry,0,0.35103015040515034,0.31771595071595066,0.31198008935508936,0.019273809523809523
/workspace/datasets/cremad/AudioWAV/1005_MTI_NEU_XX.wav,cremad,neutral,neutral,2,0.09848449868121573,0.18489092808636148,0.4387466553986226,0.27787791783380017
/workspace/datasets/cremad/AudioWAV/1005_MTI_SAD_XX.wav,cremad,sad,neutral,2,0.09582858115024256,0.2114988425103567,0.5754611173176077,0.11721145902179282
/workspace/datasets/cremad/AudioWAV/1005_TAI_ANG_XX.wav,cremad,angry,angry,0,0.40505232675820907,0.30252720482132234,0.2601481018981019,0.032272366522366515
/workspace/datasets/cremad/AudioWAV/1005_TAI_HAP_XX.wav,cremad,happy,happy,1,0.1882122458918233,0.3314133393375424,0.31817034199224703,0.16220407277838705
