file_path,dataset,label,pred_label,pred_label_enc,proba_angry,proba_happy,proba_neutral,proba_sad
/workspace/datasets/cremad/AudioWAV/1001_DFA_ANG_XX.wav,cremad,angry,neutral,2,0.00012104027457160191,0.10975461012199282,0.8901243496034081,1.955594235829659e-61
/workspace/datasets/cremad/AudioWAV/1001_DFA_HAP_XX.wav,cremad,happy,neutral,2,0.1774705200493806,0.06475529134360629,0.7577741886069976,1.1336218621298613e-116
/workspace/datasets/cremad/AudioWAV/1001_DFA_NEU_XX.wav,cremad,neutral,neutral,2,9.916323797135154e-12,0.002192920761125243,0.9978070792289819,1.0822700280914599e-82
/workspace/datasets/cremad/AudioWAV/1001_DFA_SAD_XX.wav,cremad,sad,neutral,2,2.2994765640816323e-42,3.535878434425057e-18,0.9995642596610058,0.000435740339002878
/workspace/datasets/cremad/AudioWAV/1001_IEO_ANG_HI.wav,cremad,angry,angry,0,0.757340456210976,0.2426595437692239,1.9800420797163975e-11,1.2376337202885056e-108
/workspace/datasets/cremad/AudioWAV/1001_IEO_ANG_LO.wav,cremad,angry,neutral,2,6.11684647372412e-28,8.19079976908795e-11,0.9999999999180886,5.006153862979363e-82
/workspace/datasets/cremad/AudioWAV/1001_IEO_ANG_MD.wav,cremad,angry,happy,1,0.001306406297258578,0.9986574836945015,3.611000825033853e-05,3.407514806104999e-62
/workspace/datasets/cremad/AudioWAV/1001_IEO_HAP_HI.wav,cremad,happy,angry,0,0.9999963976836821,3.602316291387149e-06,1.649694028889187e-29,4.6947239429149485e-117
/workspace/datasets/cremad/AudioWAV/1001_IEO_HAP_LO.wav,cremad,happy,neutral,2,2.427820702732492e-22,9.309669932637305e-05,0.9999069033006793,9.156289043156143e-69
/workspace/datasets/cremad/AudioWAV/1001_IEO_HAP_MD.wav,cremad,happy,happy,1,4.035993951920209e-06,0.9999890359669841,6.928039049329918e-06,1.4140887165116946e-94
/workspace/datasets/cremad/AudioWAV/1001_IEO_NEU_XX.wav,cremad,neutral,neutral,2,1.2158724686367293e-47,1.2507981729613676e-23,0.9999999999478746,5.210254755684209e-11
/workspace/datasets/cremad/AudioWAV/1001_IEO_SAD_HI.wav,cremad,sad,neutral,2,1.6653927260438822e-34,1.3502846148027798e-14,0.9999999185860735,8.141394069541476e-08
/workspace/datasets/cremad/AudioWAV/1001_IEO_SAD_LO.wav,cremad,sad,neutral,2,6.212106142452329e-54,7.761890341294341e-27,0.9938138537762878,0.006186146223712883
/workspace/datasets/cremad/AudioWAV/1001_IEO_SAD_MD.wav,cremad,sad,neutral,2,5.345540308128063e-62,5.623007546650238e-30,0.999997955092498,2.0449075289989406e-06
/workspace/datasets/cremad/AudioWAV/1001_IOM_ANG_XX.wav,cremad,angry,neutral,2,3.0128990335096347e-44,2.421471894373841e-13,0.9999999999997726,2.6629894175265833e-63
/workspace/datasets/cremad/AudioWAV/1001_IOM_HAP_XX.wav,cremad,happy,happy,1,2.8493439375862077e-09,0.9999703639091844,2.9633241495332702e-05,2.0054835267297427e-84
/workspace/datasets/cremad/AudioWAV/1001_IOM_NEU_XX.wav,cremad,neutral,neutral,2,4.970499073722245e-20,6.4982528097310135e-06,0.9999935017471806,1.8903556612435322e-165
/workspace/datasets/cremad/AudioWAV/1001_IOM_SAD_XX.wav,cremad,sad,neutral,2,1.0201711404505473e-43,7.516131349310652e-18,0.999990179489903,9.820510069451041e-06
/workspace/datasets/cremad/AudioWAV/1001_ITH_ANG_XX.wav,cremad,angry,neutral,2,1.699599391523018e-12,0.04725255052621628,0.9527474494720759,4.292851780374157e-59
/workspace/datasets/cremad/AudioWAV/1001_ITH_HAP_XX.wav,cremad,happy,happy,1,8.922132355391844e-11,0.9999871852289455,1.2814681808892925e-05,4.195614580309636e-82
/workspace/datasets/cremad/AudioWAV/1001_ITH_NEU_XX.wav,cremad,neutral,neutral,2,1.3697091196221595e-25,7.729566509794013e-11,0.999999999922693,1.3056157073475106e-26
/workspace/datasets/cremad/AudioWAV/1001_ITH_SAD_XX.wav,cremad,sad,neutral,2,1.1963761941349179e-63,2.1571373056372863e-24,0.8092240620998924,0.190775937900093
/workspace/datasets/cremad/AudioWAV/1001_ITS_ANG_XX.wav,cremad,angry,happy,1,0.012957693599104172,0.970190893874174,0.016851412526712066,2.8593802556621042e-58
/workspace/datasets/cremad/AudioWAV/1001_ITS_HAP_XX.wav,cremad,happy,happy,1,0.0012692565826686688,0.9987307434162189,1.138765229477019e-12,6.837578658640503e-86
/workspace/datasets/cremad/AudioWAV/1001_ITS_NEU_XX.wav,cremad,neutral,neutral,2,3.671018315782779e-16,2.4902960413639464e-07,0.9999997509380333,3.236456201581368e-11
/workspace/datasets/cremad/AudioWAV/1001_ITS_SAD_XX.wav,cremad,sad,sad,3,3.141190835557693e-34,2.7502036874886145e-15,0.11186024905758417,0.8881397509424248
/workspace/datasets/cremad/AudioWAV/1001_IWL_ANG_XX.wav,cremad,angry,happy,1,0.13920216873146649,0.8607978312674679,1.0374448357261676e-12,5.361830261187854e-68
/workspace/datasets/cremad/AudioWAV/1001_IWL_HAP_XX.wav,cremad,happy,happy,1,0.010992666222276059,0.9890073232440147,1.0533728244865515e-08,2.633680406158007e-71
/workspace/datasets/cremad/AudioWAV/1001_IWL_NEU_XX.wav,cremad,neutral,neutral,2,8.998370893920936e-15,0.4723692764698917,0.5276307235301224,8.946760658732742e-51
/workspace/datasets/cremad/AudioWAV/1001_IWL_SAD_XX.wav,cremad,sad,neutral,2,3.6341982779025342e-37,5.069641941422497e-19,0.996907573382906,0.003092426617086046
/workspace/datasets/cremad/AudioWAV/1001_IWW_ANG_XX.wav,cremad,angry,happy,1,9.683280381773304e-06,0.9916032409228173,0.008387075796828663,2.0634053340994505e-64
/workspace/datasets/cremad/AudioWAV/1001_IWW_HAP_XX.wav,cremad,happy,angry,0,0.5918265005142466,0.4081734994857278,4.779192548293167e-21,2.155757921495226e-143
/workspace/datasets/cremad/AudioWAV/1001_IWW_NEU_XX.wav,cremad,neutral,neutral,2,5.231619945651218e-28,1.0670095411062327e-13,0.9999999994009272,5.989435353581617e-10
/workspace/datasets/cremad/AudioWAV/1001_IWW_SAD_XX.wav,cremad,sad,sad,3,6.970223305670622e-49,2.849464569417177e-22,7.48168357646208e-05,0.9999251831642428
/workspace/datasets/cremad/AudioWAV/1001_MTI_ANG_XX.wav,cremad,angry,happy,1,4.186910892772531e-09,0.9985464277492967,0.0014535680638164629,7.94497503565351e-39
/workspace/datasets/cremad/AudioWAV/1001_MTI_HAP_XX.wav,cremad,happy,angry,0,0.9971247356040676,0.002875264395760673,1.465804023640713e-13,3.637975853406862e-83
/workspace/datasets/cremad/AudioWAV/1001_MTI_NEU_XX.wav,cremad,neutral,happy,1,0.07149936934565679,0.9285006201202085,1.0534108479064969e-08,6.616943602378258e-73
/workspace/datasets/cremad/AudioWAV/1001_MTI_SAD_XX.wav,cremad,sad,neutral,2,2.381341807116407e-38,1.0996403293173674e-20,1.0,2.796933368126858e-33
/workspace/datasets/cremad/AudioWAV/1001_TAI_ANG_XX.wav,cremad,angry,angry,0,0.9997978456437957,0.0002021543558992003,3.1126472205988984e-13,2.336387932725866e-84
/workspace/datasets/cremad/AudioWAV/1001_TAI_HAP_XX.wav,cremad,happy,angry,0,0.9854876069882921,0.01451239301017564,1.554509424577571e-12,3.094856381677674e-139
/workspace/datasets/cremad/AudioWAV/1001_TAI_NEU_XX.wav,cremad,neutral,neutral,2,1.9409746671316728e-17,0.0002535816265026835,0.9997464183735161,8.604066891897644e-44
/workspace/datasets/cremad/AudioWAV/1001_TAI_SAD_XX.wav,cremad,sad,neutral,2,2.0668486768803532e-42,9.140342519740445e-17,0.984179630527795,0.01582036947218887
/workspace/datasets/cremad/AudioWAV/1001_TIE_ANG_XX.wav,cremad,angry,neutral,2,3.389359200568276e-12,0.0018521633160817248,0.9981478366805291,7.760278109109098e-29
/workspace/datasets/cremad/AudioWAV/1001_TIE_HAP_XX.wav,cremad,happy,happy,1,0.36129239485009185,0.6387049670980169,2.6380518727069884e-06,9.78632940996696e-66
/workspace/datasets/cremad/AudioWAV/1001_TIE_NEU_XX.wav,cremad,neutral,neutral,2,6.579505245727003e-29,1.7486947173016824e-14,1.0,7.856706760120742e-39
/workspace/datasets/cremad/AudioWAV/1001_TIE_SAD_XX.wav,cremad,sad,neutral,2,1.1086218997456693e-39,1.9748807235582186e-18,0.9997902653999489,0.00020973460002689286
/workspace/datasets/cremad/AudioWAV/1001_TSI_ANG_XX.wav,cremad,angry,angry,0,0.9999999980880148,1.911942294483164e-09,1.9131661711632995e-37,4.894995209570066e-119
/workspace/datasets/cremad/AudioWAV/1001_TSI_HAP_XX.wav,cremad,happy,angry,0,0.9999999194974439,8.05025540323849e-08,4.277237523898347e-32,9.127821140082523e-161
/workspace/datasets/cremad/AudioWAV/1001_TSI_NEU_XX.wav,cremad,neutral,happy,1,0.00011120401741788068,0.9998885618366604,2.3414590458368424e-07,3.7275962300198307e-91
/workspace/datasets/cremad/AudioWAV/1001_TSI_SAD_XX.wav,cremad,sad,sad,3,8.058842594161312e-33,3.1981215594280795e-15,0.012094650507710348,0.9879053494923028
/workspace/datasets/cremad/AudioWAV/1001_WSI_ANG_XX.wav,cremad,angry,angry,0,0.9999988749815505,1.1250184600958639e-06,8.330292274896449e-19,1.908004752092374e-60
/workspace/datasets/cremad/AudioWAV/1001_WSI_HAP_XX.wav,cremad,happy,angry,0,1.0,3.5037067617249477e-22,2.888120424747678e-39,5.752189648823497e-143
/workspace/datasets/cremad/AudioWAV/1001_WSI_NEU_XX.wav,cremad,neutral,happy,1,0.001009260039398131,0.9967728364032526,0.002217903557357611,1.0146370592181225e-42
/workspace/datasets/cremad/AudioWAV/1001_WSI_SAD_XX.wav,cremad,sad,neutral,2,2.299085169061245e-22,1.1006344707710645e-10,0.9999999998899511,2.9640443869168296e-30
/workspace/datasets/cremad/AudioWAV/1002_DFA_ANG_XX.wav,cremad,angry,angry,0,0.9999999990417336,9.582577740451028e-10,1.3477301304174318e-111,1.894271867332096e-288
/workspace/datasets/cremad/AudioWAV/1002_DFA_HAP_XX.wav,cremad,happy,angry,0,0.9999999965264692,3.473539047301218e-09,1.9781170305767952e-37,7.481133664478988e-127
/workspace/datasets/cremad/AudioWAV/1002_DFA_NEU_XX.wav,cremad,neutral,sad,3,1.0158011986293385e-29,3.189518413829788e-12,0.035555975050624994,0.9644440249461993
/workspace/datasets/cremad/AudioWAV/1002_DFA_SAD_XX.wav,cremad,sad,sad,3,3.782605085061354e-68,1.2267774005697008e-26,9.266847395180203e-08,0.9999999073315323
/workspace/datasets/cremad/AudioWAV/1002_IEO_ANG_HI.wav,cremad,angry,angry,0,1.0,3.1468045435268358e-25,5.32448339219735e-57,3.473615910927239e-171
/workspace/datasets/cremad/AudioWAV/1002_IEO_ANG_LO.wav,cremad,angry,angry,0,1.0,3.213155834373342e-23,1.6916338020752155e-55,1.182957983977842e-179
/workspace/datasets/cremad/AudioWAV/1002_IEO_ANG_MD.wav,cremad,angry,angry,0,1.0,8.323132090867155e-25,1.301065780791357e-67,4.126708862539791e-183
/workspace/datasets/cremad/AudioWAV/1002_IEO_HAP_HI.wav,cremad,happy,angry,0,0.9839387969567756,0.01606120304325263,2.9877827045505046e-26,2.644445777541366e-106
/workspace/datasets/cremad/AudioWAV/1002_IEO_HAP_LO.wav,cremad,happy,neutral,2,6.798678309621108e-26,1.181115979169568e-12,0.9887215773161847,0.011278422682648979
/workspace/datasets/cremad/AudioWAV/1002_IEO_HAP_MD.wav,cremad,happy,happy,1,0.001000889001446286,0.5343408358159393,0.46465827518261993,2.198339187927658e-83
/workspace/datasets/cremad/AudioWAV/1002_IEO_NEU_XX.wav,cremad,neutral,sad,3,1.5627891850979465e-38,8.914966874204089e-20,6.4483230439466936e-06,0.9999935516769796
/workspace/datasets/cremad/AudioWAV/1002_IEO_SAD_HI.wav,cremad,sad,sad,3,1.1870640284232028e-167,1.6058085569850216e-65,1.6233806288012943e-27,1.0
/workspace/datasets/cremad/AudioWAV/1002_IEO_SAD_LO.wav,cremad,sad,sad,3,5.347357077477129e-114,4.755884478828995e-46,1.5941434812985097e-17,1.0
/workspace/datasets/cremad/AudioWAV/1002_IEO_SAD_MD.wav,cremad,sad,sad,3,1.830189499214186e-117,6.028239753927514e-41,6.123635684313925e-17,1.0
/workspace/datasets/cremad/AudioWAV/1002_IOM_ANG_XX.wav,cremad,angry,angry,0,0.9999999999934062,6.589935727835276e-12,4.447253695340173e-51,1.6469664856898464e-137
/workspace/datasets/cremad/AudioWAV/1002_IOM_HAP_XX.wav,cremad,happy,neutral,2,5.4585306508999434e-15,0.0001411043262302835,0.9998588956737807,1.2142541525452392e-77
/workspace/datasets/cremad/AudioWAV/1002_IOM_NEU_XX.wav,cremad,neutral,sad,3,6.157022757546054e-37,2.921328482540779e-19,0.2490815225633666,0.7509184774366179
/workspace/datasets/cremad/AudioWAV/1002_IOM_SAD_XX.wav,cremad,sad,sad,3,8.037240878368995e-33,7.954071610312134e-15,0.11254978234085766,0.8874502176591372
/workspace/datasets/cremad/AudioWAV/1002_ITH_ANG_XX.wav,cremad,angry,angry,0,0.9999994856013545,5.1439862706809e-07,5.470941023200788e-26,7.052422390720684e-80
/workspace/datasets/cremad/AudioWAV/1002_ITH_HAP_XX.wav,cremad,happy,angry,0,0.9999997180966431,2.819033553566503e-07,3.428150445220057e-29,1.8636661660467118e-73
/workspace/datasets/cremad/AudioWAV/1002_ITH_NEU_XX.wav,cremad,neutral,sad,3,1.5338159317960921e-28,3.53715518149347e-12,0.34642679267732057,0.6535732073191618
/workspace/datasets/cremad/AudioWAV/1002_ITH_SAD_XX.wav,cremad,sad,sad,3,9.452537510282323e-35,1.1167367957995822e-15,0.0019893307618899327,0.9980106692380918
/workspace/datasets/cremad/AudioWAV/1002_ITS_ANG_XX.wav,cremad,angry,angry,0,0.9906999894504547,0.009300010521496588,2.8033080175432668e-11,1.1411625106321494e-29
/workspace/datasets/cremad/AudioWAV/1002_ITS_HAP_XX.wav,cremad,happy,angry,0,0.9999999999915872,8.39517568631129e-12,7.105940587268978e-32,3.1044723287038336e-98
/workspace/datasets/cremad/AudioWAV/1002_ITS_NEU_XX.wav,cremad,neutral,sad,3,2.0159649285102964e-22,1.1518301095722549e-08,0.18004457906837548,0.8199554094133497
/workspace/datasets/cremad/AudioWAV/1002_ITS_SAD_XX.wav,cremad,sad,sad,3,8.73825263092089e-45,1.840598744848245e-23,1.12453902898391e-11,0.999999999988745
/workspace/datasets/cremad/AudioWAV/1002_IWL_ANG_XX.wav,cremad,angry,angry,0,0.9940550730616405,0.005944926938354052,7.581172571633301e-17,1.6542041701316963e-65
/workspace/datasets/cremad/AudioWAV/1002_IWL_HAP_XX.wav,cremad,happy,happy,1,0.007790361378331235,0.992017090288186,0.00019254833348864936,1.8246243065550833e-24
/workspace/datasets/cremad/AudioWAV/1002_IWL_NEU_XX.wav,cremad,neutral,sad,3,4.388206544357287e-23,5.858785277664628e-10,0.35123501478904,0.6487649846250632
/workspace/datasets/cremad/AudioWAV/1002_IWL_SAD_XX.wav,cremad,sad,sad,3,1.7732187769522374e-35,1.4373736638087043e-14,0.2656068206489878,0.7343931793510197
/workspace/datasets/cremad/AudioWAV/1002_IWW_ANG_XX.wav,cremad,angry,angry,0,0.9999999953465135,4.6534780260072365e-09,3.0347789796195913e-27,1.179540500274723e-83
/workspace/datasets/cremad/AudioWAV/1002_IWW_HAP_XX.wav,cremad,happy,angry,0,0.9999942543648433,5.745635184824923e-06,4.126173721963429e-19,2.1382657003319792e-73
/workspace/datasets/cremad/AudioWAV/1002_IWW_NEU_XX.wav,cremad,neutral,neutral,2,1.555726677724955e-15,0.0037291796426190326,0.9879639225124078,0.008306897844945746
/workspace/datasets/cremad/AudioWAV/1002_IWW_SAD_XX.wav,cremad,sad,sad,3,2.7543785122842735e-43,6.575089760371403e-21,0.07363520231028974,0.9263647976896947
/workspace/datasets/cremad/AudioWAV/1002_MTI_ANG_XX.wav,cremad,angry,happy,1,0.18129589787472764,0.8187040872395638,1.4885718763590057e-08,4.50043976714728e-46
/workspace/datasets/cremad/AudioWAV/1002_MTI_HAP_XX.wav,cremad,happy,angry,0,0.9999653582919437,3.4641708073360805e-05,9.66324581863081e-26,6.535950194351352e-85
/workspace/datasets/cremad/AudioWAV/1002_MTI_NEU_XX.wav,cremad,neutral,sad,3,2.0470190014368082e-26,4.229589115011757e-12,0.016693169506605265,0.9833068304891904
/workspace/datasets/cremad/AudioWAV/1002_MTI_SAD_XX.wav,cremad,sad,sad,3,7.939182315730074e-28,1.396349526644281e-14,0.01478020009305259,0.9852197999069324
/workspace/datasets/cremad/AudioWAV/1002_TAI_ANG_XX.wav,cremad,angry,angry,0,0.9999999984529495,1.547044255134189e-09,6.629259707276355e-48,3.993154465068181e-161
/workspace/datasets/cremad/AudioWAV/1002_TAI_HAP_XX.wav,cremad,happy,angry,0,0.9999999985564045,1.4436221686173076e-09,6.130105695351835e-34,4.041988428657385e-96
/workspace/datasets/cremad/AudioWAV/1002_TAI_NEU_XX.wav,cremad,neutral,sad,3,3.8014409473732445e-34,5.29746170894419e-16,1.0167758354408402e-05,0.9999898322416456
/workspace/datasets/cremad/AudioWAV/1002_TAI_SAD_XX.wav,cremad,sad,neutral,2,8.67573486391214e-35,9.400205143016182e-15,0.9756994102593989,0.024300589740577434
/workspace/datasets/cremad/AudioWAV/1002_TIE_ANG_XX.wav,cremad,angry,angry,0,1.0,5.87528952562937e-17,7.520748806664988e-60,5.1549573473880203e-160
/workspace/datasets/cremad/AudioWAV/1002_TIE_HAP_XX.wav,cremad,happy,angry,0,0.9999999999959641,4.023177528030713e-12,2.0527234650949573e-44,1.6014298435236753e-110
/workspace/datasets/cremad/AudioWAV/1002_TIE_SAD_XX.wav,cremad,sad,angry,0,0.9776826421089225,0.022317357890310686,7.883622349254556e-13,1.5865636497296607e-50
/workspace/datasets/cremad/AudioWAV/1002_TSI_ANG_XX.wav,cremad,angry,angry,0,1.0,1.129997344872179e-21,4.815476661041934e-64,2.4663556961264285e-181
/workspace/datasets/cremad/AudioWAV/1002_TSI_HAP_XX.wav,cremad,happy,angry,0,1.0,3.9389137338765424e-21,2.2102749994401847e-65,1.004731717550075e-186
/workspace/datasets/cremad/AudioWAV/1002_TSI_NEU_XX.wav,cremad,neutral,neutral,2,2.2173758857303998e-20,2.68182695763817e-07,0.986755835532977,0.01324389628429923
/workspace/datasets/cremad/AudioWAV/1002_TSI_SAD_XX.wav,cremad,sad,sad,3,2.6741272557681248e-36,1.1182195040847306e-14,0.21477103431536582,0.7852289656846084
/workspace/datasets/cremad/AudioWAV/1002_WSI_ANG_XX.wav,cremad,angry,angry,0,1.0,2.432005565976833e-22,2.735557040147259e-54,3.122652119319169e-137
/workspace/datasets/cremad/AudioWAV/1002_WSI_HAP_XX.wav,cremad,happy,angry,0,0.9999999998568683,1.431478850485799e-10,1.887647661654114e-31,3.5637383332466243e-96
/workspace/datasets/cremad/AudioWAV/1002_WSI_NEU_XX.wav,cremad,neutral,neutral,2,9.191845382939954e-15,2.347870625072011e-05,0.9999764419723498,7.932140426794464e-08
/workspace/datasets/cremad/AudioWAV/1002_WSI_SAD_XX.wav,cremad,sad,sad,3,1.1785247863950494e-24,1.1043930783441218e-10,0.06806176146181166,0.9319382384277486
/workspace/datasets/cremad/AudioWAV/1003_DFA_ANG_XX.wav,cremad,angry,angry,0,1.0,1.4136716787129945e-17,6.899664977315722e-85,1.3428472366008416e-195
/workspace/datasets/cremad/AudioWAV/1003_DFA_HAP_XX.wav,cremad,happy,angry,0,0.9999999990622541,9.377529101923804e-10,1.441031855763928e-23,1.2082832489110958e-91
/workspace/datasets/cremad/AudioWAV/1003_DFA_NEU_XX.wav,cremad,neutral,neutral,2,1.9165710694799117e-11,0.0004975811586004713,0.9995024187225054,9.974567254251735e-11
/workspace/datasets/cremad/AudioWAV/1003_DFA_SAD_XX.wav,cremad,sad,sad,3,5.525693392908344e-45,3.3011246931123175e-23,5.838087782441649e-07,0.9999994161912013
/workspace/datasets/cremad/AudioWAV/1003_IEO_ANG_HI.wav,cremad,angry,angry,0,0.9999998070416227,1.929583391154605e-07,1.7718193723746446e-45,1.7399871099720364e-175
/workspace/datasets/cremad/AudioWAV/1003_IEO_ANG_LO.wav,cremad,angry,angry,0,1.0,1.0850111625544279e-21,1.431608363758104e-54,9.66177813778459e-189
/workspace/datasets/cremad/AudioWAV/1003_IEO_ANG_MD.wav,cremad,angry,angry,0,0.9999999999031388,9.685274163496314e-11,5.791275433081307e-50,8.8092007542163e-160
/workspace/datasets/cremad/AudioWAV/1003_IEO_HAP_HI.wav,cremad,happy,happy,1,0.01921612261097405,0.7438504243344021,0.2369334530546013,4.244908375959617e-62
/workspace/datasets/cremad/AudioWAV/1003_IEO_HAP_LO.wav,cremad,happy,sad,3,3.1384801998554526e-23,4.042829503574971e-09,0.4763914475484982,0.5236085484086951
/workspace/datasets/cremad/AudioWAV/1003_IEO_HAP_MD.wav,cremad,happy,happy,1,0.0015351649500580434,0.9984647123192817,1.2273065289392112e-07,6.627853392864398e-63
/workspace/datasets/cremad/AudioWAV/1003_IEO_NEU_XX.wav,cremad,neutral,neutral,2,3.3493803822292056e-28,1.888934120607567e-12,0.9991187813942791,0.000881218603816916
/workspace/datasets/cremad/AudioWAV/1003_IEO_SAD_HI.wav,cremad,sad,sad,3,7.886870352839042e-75,7.24705374499107e-36,2.1952076712392638e-14,1.0
/workspace/datasets/cremad/AudioWAV/1003_IEO_SAD_LO.wav,cremad,sad,sad,3,6.318004244386037e-112,1.2293784598875177e-52,1.966299284688578e-24,1.0
/workspace/datasets/cremad/AudioWAV/1003_IEO_SAD_MD.wav,cremad,sad,sad,3,6.175455100503235e-80,6.675161735425095e-42,3.9419890197690663e-13,0.9999999999996021
/workspace/datasets/cremad/AudioWAV/1003_IOM_ANG_XX.wav,cremad,angry,angry,0,0.9999617865564104,3.821344360322136e-05,2.8712824083557932e-46,3.7187315238698434e-113
/workspace/datasets/cremad/AudioWAV/1003_IOM_HAP_XX.wav,cremad,happy,happy,1,7.2604250371864845e-06,0.9998122858396106,0.0001804537353295606,2.8598826759215755e-27
/workspace/datasets/cremad/AudioWAV/1003_IOM_NEU_XX.wav,cremad,neutral,happy,1,0.0006791138292359472,0.99931685337578,4.032794981967982e-06,2.5430188866129576e-40
/workspace/datasets/cremad/AudioWAV/1003_IOM_SAD_XX.wav,cremad,sad,sad,3,4.997935352397029e-53,3.816616647645141e-28,3.3046726681939248e-09,0.999999996695351
/workspace/datasets/cremad/AudioWAV/1003_ITH_ANG_XX.wav,cremad,angry,angry,0,0.9999971343340937,2.865665896488725e-06,4.4170738742886205e-48,1.5717529870158189e-130
/workspace/datasets/cremad/AudioWAV/1003_ITH_HAP_XX.wav,cremad,happy,happy,1,0.04964402346702147,0.9503554542927558,5.222401954904974e-07,1.9570702848728163e-27
/workspace/datasets/cremad/AudioWAV/1003_ITH_NEU_XX.wav,cremad,neutral,happy,1,1.2103349230260471e-05,0.9999821076327172,5.789018044111501e-06,1.0086824065725186e-33
/workspace/datasets/cremad/AudioWAV/1003_ITH_SAD_XX.wav,cremad,sad,sad,3,3.7541404108646137e-25,3.5704658343990157e-12,0.00010567151971319195,0.9998943284767413
/workspace/datasets/cremad/AudioWAV/1003_ITS_ANG_XX.wav,cremad,angry,angry,0,1.0,4.1103991191704655e-23,2.2914766164971074e-64,4.9856978509928606e-135
/workspace/datasets/cremad/AudioWAV/1003_ITS_HAP_XX.wav,cremad,happy,angry,0,0.6000348428079488,0.39996500178536687,1.5540669950341786e-07,1.2473806978473514e-27
/workspace/datasets/cremad/AudioWAV/1003_ITS_NEU_XX.wav,cremad,neutral,neutral,2,2.046575177785242e-28,3.769725954967153e-15,0.9999518649987642,4.813500124037789e-05
/workspace/datasets/cremad/AudioWAV/1003_ITS_SAD_XX.wav,cremad,sad,sad,3,1.956783060880724e-46,1.2789854055891336e-27,4.757137938307639e-12,0.9999999999952252
/workspace/datasets/cremad/AudioWAV/1003_IWL_ANG_XX.wav,cremad,angry,angry,0,0.9999999999994316,5.900826718460806e-13,1.0147964152811026e-53,1.8913935510466993e-120
/workspace/datasets/cremad/AudioWAV/1003_IWL_HAP_XX.wav,cremad,happy,happy,1,0.26196743109821236,0.7380325688856977,1.6061722254801752e-11,4.373560958931455e-43
/workspace/datasets/cremad/AudioWAV/1003_IWL_NEU_XX.wav,cremad,neutral,happy,1,2.3451293344908683e-08,0.997112261502777,0.002887715045932054,4.98469272234013e-27
/workspace/datasets/cremad/AudioWAV/1003_IWL_SAD_XX.wav,cremad,sad,sad,3,5.1980840571156815e-37,2.4226398234802754e-14,2.0221630426408947e-05,0.999979778369544
/workspace/datasets/cremad/AudioWAV/1003_IWW_ANG_XX.wav,cremad,angry,angry,0,0.9999934701696733,6.529830353246552e-06,1.2025052012795166e-37,2.0184195046397173e-107
/workspace/datasets/cremad/AudioWAV/1003_IWW_HAP_XX.wav,cremad,happy,angry,0,0.9999999846769471,1.5323068946934203e-08,1.7861108142084865e-27,8.778380993562679e-74
/workspace/datasets/cremad/AudioWAV/1003_IWW_NEU_XX.wav,cremad,neutral,neutral,2,1.1102680836571266e-21,6.917069254447887e-09,0.9991293354757009,0.0008706576072479806
/workspace/datasets/cremad/AudioWAV/1003_IWW_SAD_XX.wav,cremad,sad,neutral,2,3.1554814754223316e-51,3.2624334528585196e-31,0.9999503703575889,4.962964238845623e-05
/workspace/datasets/cremad/AudioWAV/1003_MTI_ANG_XX.wav,cremad,angry,angry,0,1.0,1.2337127564726731e-16,1.4244156418153495e-63,4.099016553136147e-168
/workspace/datasets/cremad/AudioWAV/1003_MTI_HAP_XX.wav,cremad,happy,happy,1,0.36328907483477174,0.6363609923824441,0.00034993278276309827,1.0734536476823022e-38
/workspace/datasets/cremad/AudioWAV/1003_MTI_NEU_XX.wav,cremad,neutral,neutral,2,1.950641178348352e-14,1.0817327102801937e-05,0.9976240559093678,0.002365126763533355
/workspace/datasets/cremad/AudioWAV/1003_MTI_SAD_XX.wav,cremad,sad,sad,3,9.86039284798043e-27,1.2204268901941286e-11,0.009179301660258203,0.9908206983275544
/workspace/datasets/cremad/AudioWAV/1003_TAI_ANG_XX.wav,cremad,angry,angry,0,0.9999999999999432,4.296368262512245e-14,2.723985451146795e-74,8.780587056953846e-190
/workspace/datasets/cremad/AudioWAV/1003_TAI_HAP_XX.wav,cremad,happy,angry,0,0.9965564271263481,0.0034435728736542377,5.4281202540336384e-17,2.130959241163558e-66
/workspace/datasets/cremad/AudioWAV/1003_TAI_NEU_XX.wav,cremad,neutral,happy,1,0.00010033884383040838,0.9998738152248979,2.584593126178605e-05,1.563722255192335e-40
/workspace/datasets/cremad/AudioWAV/1003_TAI_SAD_XX.wav,cremad,sad,neutral,2,5.871343350811519e-15,5.766228317721152e-07,0.9999994233771715,6.725581765814048e-24
/workspace/datasets/cremad/AudioWAV/1003_TIE_ANG_XX.wav,cremad,angry,angry,0,1.0,9.060337735041054e-15,1.7224005700217182e-56,5.293888418375819e-142
/workspace/datasets/cremad/AudioWAV/1003_TIE_HAP_XX.wav,cremad,happy,neutral,2,1.2947401816471552e-12,0.004882800652026081,0.9951171991675279,1.7915104820473538e-10
/workspace/datasets/cremad/AudioWAV/1003_TIE_NEU_XX.wav,cremad,neutral,neutral,2,8.583560723936725e-12,0.00235765529726384,0.9976423446941252,4.3889161769891546e-26
/workspace/datasets/cremad/AudioWAV/1003_TIE_SAD_XX.wav,cremad,sad,sad,3,5.077611035454804e-35,9.126275721188571e-21,6.818281991171528e-10,0.9999999993181632
/workspace/datasets/cremad/AudioWAV/1003_TSI_ANG_XX.wav,cremad,angry,angry,0,0.9999244319596342,7.556804033844379e-05,6.92659142714215e-16,4.9958289589609753e-29
/workspace/datasets/cremad/AudioWAV/1003_TSI_HAP_XX.wav,cremad,happy,neutral,2,4.966201675448582e-34,1.4088247119313594e-21,0.9999999985966497,1.4033402344350858e-09
/workspace/datasets/cremad/AudioWAV/1003_TSI_NEU_XX.wav,cremad,neutral,neutral,2,2.559936080077053e-28,1.2272409575405074e-15,0.9999970173328309,2.9826671925285226e-06
/workspace/datasets/cremad/AudioWAV/1003_TSI_SAD_XX.wav,cremad,sad,sad,3,5.4167936018872045e-101,2.8460763941640173e-49,2.2532799983391358e-09,0.9999999977467269
/workspace/datasets/cremad/AudioWAV/1003_WSI_ANG_XX.wav,cremad,angry,angry,0,1.0,1.1021315438724344e-23,3.52822320513441e-75,5.17768196200773e-166
/workspace/datasets/cremad/AudioWAV/1003_WSI_HAP_XX.wav,cremad,happy,angry,0,0.9995545664298573,0.0004454334707735812,9.937527902852397e-11,1.8637865701188274e-46
/workspace/datasets/cremad/AudioWAV/1003_WSI_NEU_XX.wav,cremad,neutral,neutral,2,5.0693656919192955e-20,3.0084315942486696e-08,0.9871756834428725,0.012824286472827691
/workspace/datasets/cremad/AudioWAV/1003_WSI_SAD_XX.wav,cremad,sad,sad,3,5.251490368438021e-42,2.3771433941571203e-24,0.00017125087969267367,0.999828749120313
/workspace/datasets/cremad/AudioWAV/1004_DFA_ANG_XX.wav,cremad,angry,angry,0,1.0,1.515064375258466e-19,3.257293125680376e-51,1.3742854093386763e-125
/workspace/datasets/cremad/AudioWAV/1004_DFA_HAP_XX.wav,cremad,happy,happy,1,0.01015735863368573,0.9898426413662976,1.9857095161774202e-17,2.5726601371278854e-117
/workspace/datasets/cremad/AudioWAV/1004_DFA_NEU_XX.wav,cremad,neutral,neutral,2,1.0762309204952664e-10,4.1083086350399005e-05,0.99993935516014,1.9561645891181242e-05
/workspace/datasets/cremad/AudioWAV/1004_DFA_SAD_XX.wav,cremad,sad,sad,3,2.7841710982395346e-55,1.9172185988069713e-33,4.9243488243102055e-12,0.9999999999950546
/workspace/datasets/cremad/AudioWAV/1004_IEO_ANG_HI.wav,cremad,angry,angry,0,1.0,1.224450280477438e-14,8.453291587420634e-104,6.496335477259849e-233
/workspace/datasets/cremad/AudioWAV/1004_IEO_ANG_LO.wav,cremad,angry,angry,0,0.9999999999988631,1.1642553850609298e-12,1.2925485595067338e-33,8.182242194131057e-113
/workspace/datasets/cremad/AudioWAV/1004_IEO_ANG_MD.wav,cremad,angry,angry,0,0.9999999999998863,1.0404448392029369e-13,7.604240475708842e-57,5.781665826332656e-154
/workspace/datasets/cremad/AudioWAV/1004_IEO_HAP_HI.wav,cremad,happy,angry,0,0.999999999996021,3.957135823415641e-12,9.924414514237345e-85,3.0520836353899605e-216
/workspace/datasets/cremad/AudioWAV/1004_IEO_HAP_LO.wav,cremad,happy,sad,3,1.0022422769081579e-32,6.07485017818286e-17,9.028523159716516e-05,0.9999097147684205
/workspace/datasets/cremad/AudioWAV/1004_IEO_HAP_MD.wav,cremad,happy,happy,1,0.3434019205747623,0.6565980794085258,1.6738374143072057e-11,5.635262145234212e-52
/workspace/datasets/cremad/AudioWAV/1004_IEO_NEU_XX.wav,cremad,neutral,neutral,2,5.628455631200917e-28,1.8864805999329454e-15,0.9199523761197337,0.08004762388025503
/workspace/datasets/cremad/AudioWAV/1004_IEO_SAD_HI.wav,cremad,sad,sad,3,4.227659204076126e-52,7.355263315912854e-26,4.977998043189851e-11,0.9999999999502052
/workspace/datasets/cremad/AudioWAV/1004_IEO_SAD_LO.wav,cremad,sad,sad,3,1.3153186597777452e-64,1.7246184058481442e-32,2.518014401776871e-12,0.9999999999974989
/workspace/datasets/cremad/AudioWAV/1004_IEO_SAD_MD.wav,cremad,sad,sad,3,1.3202044488516464e-61,5.912614558389078e-35,5.528472996928086e-17,1.0
/workspace/datasets/cremad/AudioWAV/1004_IOM_ANG_XX.wav,cremad,angry,angry,0,0.999999998917076,1.075476905506568e-09,7.472221045836825e-12,5.1486558281335815e-58
/workspace/datasets/cremad/AudioWAV/1004_IOM_HAP_XX.wav,cremad,happy,angry,0,0.9999997171055215,5.337282292038591e-13,2.8289392276440753e-07,6.7489057235865935e-102
/workspace/datasets/cremad/AudioWAV/1004_IOM_NEU_XX.wav,cremad,neutral,sad,3,7.009125211431155e-37,1.809864430751759e-18,6.407147204027602e-07,0.9999993592852895
/workspace/datasets/cremad/AudioWAV/1004_IOM_SAD_XX.wav,cremad,sad,sad,3,7.329822810957296e-61,2.8311655034563133e-40,1.7438216524341956e-10,0.9999999998256044
/workspace/datasets/cremad/AudioWAV/1004_ITH_ANG_XX.wav,cremad,angry,angry,0,1.0,7.122847974973611e-16,4.762070863585406e-49,1.95175488713648e-145
/workspace/datasets/cremad/AudioWAV/1004_ITH_HAP_XX.wav,cremad,happy,neutral,2,7.066622433618762e-19,2.1217904103056928e-10,0.9527125070267026,0.047287492761135606
/workspace/datasets/cremad/AudioWAV/1004_ITH_NEU_XX.wav,cremad,neutral,neutral,2,4.281544418899227e-14,5.0326716358779884e-06,0.6063635012826143,0.39363146604569227
/workspace/datasets/cremad/AudioWAV/1004_ITH_SAD_XX.wav,cremad,sad,sad,3,8.048250757553527e-57,4.807254881437004e-32,3.8128715302777407e-13,0.9999999999996021
/workspace/datasets/cremad/AudioWAV/1004_ITS_ANG_XX.wav,cremad,angry,angry,0,1.0,4.0405626420320537e-22,6.505878008809979e-49,2.6272088655518967e-86
/workspace/datasets/cremad/AudioWAV/1004_ITS_HAP_XX.wav,cremad,happy,happy,1,4.951299664717865e-05,0.9945434038267513,0.00540703121376706,5.196285438638937e-08
/workspace/datasets/cremad/AudioWAV/1004_ITS_NEU_XX.wav,cremad,neutral,happy,1,0.11291419013068682,0.8864824387183904,0.0006033711509182006,1.1792492836421175e-29
/workspace/datasets/cremad/AudioWAV/1004_ITS_SAD_XX.wav,cremad,sad,sad,3,2.89259040078629e-32,7.342601528356108e-17,8.844609512304246e-10,0.9999999991155164
/workspace/datasets/cremad/AudioWAV/1004_IWL_ANG_XX.wav,cremad,angry,angry,0,1.0,2.385961059912163e-16,2.594446979259663e-43,2.272398460917559e-98
/workspace/datasets/cremad/AudioWAV/1004_IWL_HAP_XX.wav,cremad,happy,happy,1,1.4967196007842133e-07,0.9999998442376757,6.0903590755512085e-09,5.435426057592706e-61
/workspace/datasets/cremad/AudioWAV/1004_IWL_NEU_XX.wav,cremad,neutral,happy,1,8.13415741903124e-07,0.9808324219685441,0.019166764615739167,9.06116266872814e-19
/workspace/datasets/cremad/AudioWAV/1004_IWL_SAD_XX.wav,cremad,sad,angry,0,0.983958665456205,0.0160413345437684,2.4180949497938943e-14,5.8744211234915534e-43
/workspace/datasets/cremad/AudioWAV/1004_IWW_ANG_XX.wav,cremad,angry,angry,0,0.999942332435464,5.7667517763834284e-05,4.67832031357084e-11,2.1231912274100772e-58
/workspace/datasets/cremad/AudioWAV/1004_IWW_HAP_XX.wav,cremad,happy,sad,3,5.387936037446627e-36,4.660187386477825e-19,2.955430326299701e-06,0.9999970445696721
/workspace/datasets/cremad/AudioWAV/1004_IWW_NEU_XX.wav,cremad,neutral,neutral,2,6.203094625555917e-22,3.843470674312014e-09,0.9667719981103257,0.03322799804620264
/workspace/datasets/cremad/AudioWAV/1004_IWW_SAD_XX.wav,cremad,sad,sad,3,2.3904375274470932e-83,2.2335126001261263e-40,8.87744482190662e-19,1.0
/workspace/datasets/cremad/AudioWAV/1004_MTI_ANG_XX.wav,cremad,angry,angry,0,0.9999999760891003,2.3910893730662115e-08,8.147427127059072e-29,2.2242254917828792e-73
/workspace/datasets/cremad/AudioWAV/1004_MTI_HAP_XX.wav,cremad,happy,sad,3,3.777592987137764e-30,6.856407061754036e-15,5.2308435733879935e-05,0.9999476915642428
/workspace/datasets/cremad/AudioWAV/1004_MTI_NEU_XX.wav,cremad,neutral,sad,3,1.117885138952015e-19,3.7762739257870874e-09,0.002480350880786128,0.9975196453429187
/workspace/datasets/cremad/AudioWAV/1004_MTI_SAD_XX.wav,cremad,sad,sad,3,1.7177071127409182e-41,4.17932674145665e-25,2.014756606890896e-08,0.9999999798524188
/workspace/datasets/cremad/AudioWAV/1004_TAI_ANG_XX.wav,cremad,angry,angry,0,0.9999999999999432,5.1873880531503554e-14,7.105166041965639e-35,3.263613047274541e-109
/workspace/datasets/cremad/AudioWAV/1004_TAI_HAP_XX.wav,cremad,happy,sad,3,4.0459356256221315e-25,1.3396709978950122e-13,0.14805753213023914,0.8519424678696038
/workspace/datasets/cremad/AudioWAV/1004_TAI_NEU_XX.wav,cremad,neutral,neutral,2,1.5716571647776573e-11,0.0015541116690926794,0.9984457515463075,1.3676888434145706e-07
/workspace/datasets/cremad/AudioWAV/1004_TAI_SAD_XX.wav,cremad,sad,sad,3,1.9010967891505281e-47,8.386252731350066e-26,8.93891398639396e-09,0.9999999910610882
/workspace/datasets/cremad/AudioWAV/1004_TIE_ANG_XX.wav,cremad,angry,angry,0,1.0,1.2275212297648306e-22,4.9215920222559376e-68,9.545985143048157e-143
/workspace/datasets/cremad/AudioWAV/1004_TIE_HAP_XX.wav,cremad,happy,angry,0,0.9997470209813569,0.00025297901865407066,8.18399076258052e-24,1.0464666487359339e-72
/workspace/datasets/cremad/AudioWAV/1004_TIE_NEU_XX.wav,cremad,neutral,neutral,2,1.3986463035471722e-32,6.5264728058765854e-15,0.9949272853223949,0.005072714677602977
/workspace/datasets/cremad/AudioWAV/1004_TIE_SAD_XX.wav,cremad,sad,sad,3,9.860615414237099e-86,4.812672235617847e-35,2.3831688536233087e-18,1.0
/workspace/datasets/cremad/AudioWAV/1004_TSI_ANG_XX.wav,cremad,angry,angry,0,1.0,8.466873739285124e-23,1.1498389515584193e-57,1.1619160903197809e-144
/workspace/datasets/cremad/AudioWAV/1004_TSI_HAP_XX.wav,cremad,happy,neutral,2,4.721731241372335e-09,0.4299929658189317,0.5700070294593341,4.165711552290128e-16
/workspace/datasets/cremad/AudioWAV/1004_TSI_NEU_XX.wav,cremad,neutral,happy,1,0.010288965196693851,0.9896586362435784,5.2398559704406746e-05,9.142768312494944e-41
/workspace/datasets/cremad/AudioWAV/1004_TSI_SAD_XX.wav,cremad,sad,sad,3,2.713469612718558e-68,1.3611592884358717e-28,2.5083683002991838e-09,0.9999999974916136
/workspace/datasets/cremad/AudioWAV/1004_WSI_ANG_XX.wav,cremad,angry,angry,0,1.0,9.02421699758237e-16,3.404918041203385e-45,1.0392707978203038e-104
/workspace/datasets/cremad/AudioWAV/1004_WSI_HAP_XX.wav,cremad,happy,angry,0,0.9999999945628133,5.437188619995489e-09,1.2707021600313533e-37,2.079337766421098e-100
/workspace/datasets/cremad/AudioWAV/1004_WSI_NEU_XX.wav,cremad,neutral,happy,1,0.00017290456233184966,0.9982951389287427,0.0015319565089356236,8.646335229553081e-33
/workspace/datasets/cremad/AudioWAV/1004_WSI_SAD_XX.wav,cremad,sad,sad,3,1.1199222056849996e-64,1.1135742045637553e-34,1.1106011862385678e-15,1.0
/workspace/datasets/cremad/AudioWAV/1005_DFA_ANG_XX.wav,cremad,angry,angry,0,0.9999999999864144,1.3604270398783167e-11,2.452786342682349e-41,5.102125829934621e-136
/workspace/datasets/cremad/AudioWAV/1005_DFA_HAP_XX.wav,cremad,happy,angry,0,0.6819183208974905,0.31808167910249097,8.196387019928106e-18,1.2921106419716611e-86
/workspace/datasets/cremad/AudioWAV/1005_DFA_NEU_XX.wav,cremad,neutral,neutral,2,7.50737688673098e-13,0.2809431144735795,0.7190568855256457,7.775728244464218e-54
/workspace/datasets/cremad/AudioWAV/1005_DFA_SAD_XX.wav,cremad,sad,neutral,2,1.7599007934265655e-31,6.521715708855956e-14,0.9999051237271659,9.487627274384595e-05
/workspace/datasets/cremad/AudioWAV/1005_IEO_ANG_HI.wav,cremad,angry,angry,0,1.0,8.43498007716835e-17,1.7564437864601728e-65,9.935062108509259e-167
/workspace/datasets/cremad/AudioWAV/1005_IEO_ANG_LO.wav,cremad,angry,neutral,2,1.1739098153394333e-18,2.9343223392054886e-08,0.9999999706568024,9.042335507309507e-20
/workspace/datasets/cremad/AudioWAV/1005_IEO_ANG_MD.wav,cremad,angry,happy,1,0.09731642089486355,0.902683407432474,1.7167265308290683e-07,1.7861520653919256e-87
/workspace/datasets/cremad/AudioWAV/1005_IEO_HAP_HI.wav,cremad,happy,happy,1,0.4635199385584561,0.5364800614415445,1.8576286919520352e-16,4.3349854724846293e-106
/workspace/datasets/cremad/AudioWAV/1005_IEO_HAP_LO.wav,cremad,happy,sad,3,1.6264746202311692e-47,2.0420363336805704e-23,0.00617306040348426,0.9938269395965162
/workspace/datasets/cremad/AudioWAV/1005_IEO_HAP_MD.wav,cremad,happy,neutral,2,3.329106617274482e-23,9.528844996882219e-10,0.9999643708292955,3.562821781658806e-05
/workspace/datasets/cremad/AudioWAV/1005_IEO_NEU_XX.wav,cremad,neutral,sad,3,1.3185663694085927e-43,3.842454520166398e-21,0.0015147243652029493,0.998485275634776
/workspace/datasets/cremad/AudioWAV/1005_IEO_SAD_HI.wav,cremad,sad,sad,3,1.1608612814883258e-42,2.0887714303393208e-19,0.007734102856659836,0.9922658971433344
/workspace/datasets/cremad/AudioWAV/1005_IEO_SAD_LO.wav,cremad,sad,sad,3,1.1725964748687917e-86,6.596722144615472e-45,1.844690031204365e-13,0.9999999999998295
/workspace/datasets/cremad/AudioWAV/1005_IEO_SAD_MD.wav,cremad,sad,neutral,2,3.9609729331047836e-42,2.7985541155092607e-19,0.9999998674489435,1.3255107220135562e-07
/workspace/datasets/cremad/AudioWAV/1005_IOM_ANG_XX.wav,cremad,angry,angry,0,0.9999904896012931,9.510398703061169e-06,2.154125869165679e-30,2.5300342002917574e-81
/workspace/datasets/cremad/AudioWAV/1005_IOM_HAP_XX.wav,cremad,happy,happy,1,0.00031989597690234493,0.9996801040230955,5.628099947456571e-15,5.773584951064934e-65
/workspace/datasets/cremad/AudioWAV/1005_IOM_NEU_XX.wav,cremad,neutral,sad,3,1.4054814826493387e-47,4.143156052615381e-19,0.011314871521737027,0.9886851284782394
/workspace/datasets/cremad/AudioWAV/1005_IOM_SAD_XX.wav,cremad,sad,sad,3,6.88694397589196e-62,1.1949207025618084e-31,8.402373175981814e-10,0.9999999991597406
/workspace/datasets/cremad/AudioWAV/1005_ITH_ANG_XX.wav,cremad,angry,angry,0,0.9999993214890451,6.785109517244408e-07,1.0028931244555762e-20,1.2769758110369725e-97
/workspace/datasets/cremad/AudioWAV/1005_ITH_HAP_XX.wav,cremad,happy,happy,1,2.7821726264266105e-06,0.9999970395945803,1.782327686921448e-07,2.18132109387792e-50
/workspace/datasets/cremad/AudioWAV/1005_ITH_NEU_XX.wav,cremad,neutral,neutral,2,6.326316142586187e-18,0.011490226038529916,0.9885097739614408,1.6595928654950212e-15
/workspace/datasets/cremad/AudioWAV/1005_ITH_SAD_XX.wav,cremad,sad,neutral,2,2.348456979158714e-31,1.2074670725727037e-13,0.9999959259432102,4.074056643105857e-06
/workspace/datasets/cremad/AudioWAV/1005_ITS_ANG_XX.wav,cremad,angry,angry,0,0.9999999999185434,8.145722978124269e-11,9.882493232571118e-35,1.977662072674131e-108
/workspace/datasets/cremad/AudioWAV/1005_ITS_HAP_XX.wav,cremad,happy,angry,0,0.9999999999440661,5.591448338230441e-11,2.376974052180994e-39,2.8908814267452213e-102
/workspace/datasets/cremad/AudioWAV/1005_ITS_NEU_XX.wav,cremad,neutral,happy,1,1.3371591061220375e-07,0.8206741258251526,0.1793257404589362,1.910105038392974e-32
/workspace/datasets/cremad/AudioWAV/1005_ITS_SAD_XX.wav,cremad,sad,happy,1,1.3926229360326682e-09,0.6696330289548995,0.3303669696524608,4.601544635740692e-33
/workspace/datasets/cremad/AudioWAV/1005_IWL_ANG_XX.wav,cremad,angry,happy,1,0.08417929493323176,0.9158207050667136,4.428357465262826e-14,2.6826600161832857e-63
/workspace/datasets/cremad/AudioWAV/1005_IWL_HAP_XX.wav,cremad,happy,happy,1,2.5375816104688165e-07,0.9999988993692258,8.468726355256704e-07,5.743728591139345e-45
/workspace/datasets/cremad/AudioWAV/1005_IWL_NEU_XX.wav,cremad,neutral,neutral,2,3.0852923621773293e-28,2.1882379577764167e-06,0.9999978117620639,9.668312718014346e-27
/workspace/datasets/cremad/AudioWAV/1005_IWL_SAD_XX.wav,cremad,sad,sad,3,5.849139997137562e-64,7.568033937076765e-27,7.244400855674962e-07,0.999999275559936
/workspace/datasets/cremad/AudioWAV/1005_IWW_ANG_XX.wav,cremad,angry,sad,3,6.694983344781845e-31,5.724106421006523e-13,0.0014022136140152777,0.9985977863854105
/workspace/datasets/cremad/AudioWAV/1005_IWW_HAP_XX.wav,cremad,happy,neutral,2,2.606789015998191e-20,4.1913210274611046e-08,0.9756527372649465,0.024347220821863108
/workspace/datasets/cremad/AudioWAV/1005_IWW_NEU_XX.wav,cremad,neutral,neutral,2,6.544558048559147e-25,3.0580231916311557e-11,0.8172502023374814,0.1827497976319574
