file_path,dataset,label,pred_label,pred_label_enc,proba_angry,proba_happy,proba_neutral,proba_sad
/workspace/datasets/cremad/AudioWAV/1001_DFA_ANG_XX.wav,cremad,angry,angry,0,0.7501234860129347,0.12015418250490653,0.12745673445156538,0.0022655970305934334
/workspace/datasets/cremad/AudioWAV/1001_DFA_HAP_XX.wav,cremad,happy,angry,0,0.8029680205596026,0.11939634129508037,0.07568082226769234,0.001954815877624698
/workspace/datasets/cremad/AudioWAV/1001_DFA_NEU_XX.wav,cremad,neutral,angry,0,0.5499676258040143,0.24479077066948357,0.19549709808741725,0.009744505439084814
/workspace/datasets/cremad/AudioWAV/1001_DFA_SAD_XX.wav,cremad,sad,happy,1,0.17214393534199027,0.5287721158952777,0.22536139217753615,0.07372255658519589
/workspace/datasets/cremad/AudioWAV/1001_IEO_ANG_HI.wav,cremad,angry,angry,0,0.9515537478709476,0.022110527177056048,0.022394715310481535,0.003941009641514928
/workspace/datasets/cremad/AudioWAV/1001_IEO_ANG_LO.wav,cremad,angry,angry,0,0.4690962330181566,0.25878250633893884,0.264589665759225,0.007531594883679547
/workspace/datasets/cremad/AudioWAV/1001_IEO_ANG_MD.wav,cremad,angry,angry,0,0.49060866397440495,0.2932568444738045,0.20583409471777117,0.010300396834019345
/workspace/datasets/cremad/AudioWAV/1001_IEO_HAP_HI.wav,cremad,happy,angry,0,0.7893939451823072,0.13487146619359078,0.07068882780430649,0.005045760819795471
/workspace/datasets/cremad/AudioWAV/1001_IEO_HAP_LO.wav,cremad,happy,neutral,2,0.1488786584193145,0.1076579429786753,0.7404082169359283,0.003055181666081958
/workspace/datasets/cremad/AudioWAV/1001_IEO_HAP_MD.wav,cremad,happy,angry,0,0.6015190092160161,0.09427708027916926,0.28630631948399876,0.01789759102081589
/workspace/datasets/cremad/AudioWAV/1001_IEO_NEU_XX.wav,cremad,neutral,happy,1,0.04662972182201904,0.6276104076059121,0.3088248091435959,0.016935061428472804
/workspace/datasets/cremad/AudioWAV/1001_IEO_SAD_HI.wav,cremad,sad,happy,1,0.04085433692120393,0.6858548945916795,0.16052746299628043,0.11276330549083616
/workspace/datasets/cremad/AudioWAV/1001_IEO_SAD_LO.wav,cremad,sad,happy,1,0.026392608937060143,0.5601673973284649,0.26918736677738386,0.14425262695709107
/workspace/datasets/cremad/AudioWAV/1001_IEO_SAD_MD.wav,cremad,sad,happy,1,0.034177188152298775,0.5103513498400791,0.3198345636178495,0.13563689838977258
/workspace/datasets/cremad/AudioWAV/1001_IOM_ANG_XX.wav,cremad,angry,neutral,2,0.19605492751500378,0.25259408142758655,0.5478206773842483,0.0035303136731614448
/workspace/datasets/cremad/AudioWAV/1001_IOM_HAP_XX.wav,cremad,happy,happy,1,0.28395495219875433,0.49915348212111144,0.21401872808401973,0.002872837596114461
/workspace/datasets/cremad/AudioWAV/1001_IOM_NEU_XX.wav,cremad,neutral,happy,1,0.09785338290868865,0.5884591175846337,0.309551452737471,0.004136046769206612
/workspace/datasets/cremad/AudioWAV/1001_IOM_SAD_XX.wav,cremad,sad,happy,1,0.24365190913164483,0.44162759283642067,0.2996996456149433,0.015020852416991146
/workspace/datasets/cremad/AudioWAV/1001_ITH_ANG_XX.wav,cremad,angry,angry,0,0.7635108777206668,0.16580204162264062,0.07023079431473166,0.00045628634196090895
/workspace/datasets/cremad/AudioWAV/1001_ITH_HAP_XX.wav,cremad,happy,happy,1,0.24101897802659977,0.6809138769794546,0.0769791304217726,0.001088014572172906
/workspace/datasets/cremad/AudioWAV/1001_ITH_NEU_XX.wav,cremad,neutral,happy,1,0.2608660734066399,0.5566433393740138,0.16698440564264913,0.015506181576697113
/workspace/datasets/cremad/AudioWAV/1001_ITH_SAD_XX.wav,cremad,sad,happy,1,0.06521182204798542,0.6717416689779002,0.19773969903034067,0.06530680994377376
/workspace/datasets/cremad/AudioWAV/1001_ITS_ANG_XX.wav,cremad,angry,angry,0,0.7036357643581888,0.152359914929687,0.13422389965168102,0.009780421060443212
/workspace/datasets/cremad/AudioWAV/1001_ITS_HAP_XX.wav,cremad,happy,angry,0,0.749354512878514,0.20465625911083662,0.04161147892814899,0.004377749082500538
/workspace/datasets/cremad/AudioWAV/1001_ITS_NEU_XX.wav,cremad,neutral,happy,1,0.2836024329552396,0.371630117417004,0.3157275869919357,0.02903986263582062
/workspace/datasets/cremad/AudioWAV/1001_ITS_SAD_XX.wav,cremad,sad,happy,1,0.12464102557789948,0.41139137263908865,0.34594319895846287,0.11802440282454903
/workspace/datasets/cremad/AudioWAV/1001_IWL_ANG_XX.wav,cremad,angry,angry,0,0.4504890770014526,0.3457001879092326,0.19819060804988858,0.005620127039426262
/workspace/datasets/cremad/AudioWAV/1001_IWL_HAP_XX.wav,cremad,happy,angry,0,0.6611466762119037,0.15105462081036508,0.18659010824420952,0.0012085947335216346
/workspace/datasets/cremad/AudioWAV/1001_IWL_NEU_XX.wav,cremad,neutral,neutral,2,0.3098913392238967,0.23177578542861674,0.4545432769066673,0.0037895984408193055
/workspace/datasets/cremad/AudioWAV/1001_IWL_SAD_XX.wav,cremad,sad,happy,1,0.15457405572371768,0.4646721062526112,0.30552328957344493,0.07523054845022617
/workspace/datasets/cremad/AudioWAV/1001_IWW_ANG_XX.wav,cremad,angry,angry,0,0.8090496398917856,0.10582374787876021,0.0820780539463281,0.003048558283126119
/workspace/datasets/cremad/AudioWAV/1001_IWW_HAP_XX.wav,cremad,happy,angry,0,0.9087192468044666,0.03495712955713232,0.05487393397277663,0.0014496896656244103
/workspace/datasets/cremad/AudioWAV/1001_IWW_NEU_XX.wav,cremad,neutral,happy,1,0.1835775707433351,0.48048199110670864,0.30543101905952497,0.030509419090431217
/workspace/datasets/cremad/AudioWAV/1001_IWW_SAD_XX.wav,cremad,sad,happy,1,0.1046692516303059,0.5931959119531528,0.23706421778996503,0.06507061862657608
/workspace/datasets/cremad/AudioWAV/1001_MTI_ANG_XX.wav,cremad,angry,angry,0,0.773850681085478,0.05546398192303667,0.15923578338306774,0.01144955360841761
/workspace/datasets/cremad/AudioWAV/1001_MTI_HAP_XX.wav,cremad,happy,angry,0,0.8769370287837868,0.06880389305878855,0.05254607022402463,0.0017130079333999818
/workspace/datasets/cremad/AudioWAV/1001_MTI_NEU_XX.wav,cremad,neutral,angry,0,0.5875641200037934,0.1108026495310718,0.2958011783895178,0.00583205207561688
/workspace/datasets/cremad/AudioWAV/1001_MTI_SAD_XX.wav,cremad,sad,neutral,2,0.3567589718353053,0.2426939807911398,0.382538188360462,0.01800885901309299
/workspace/datasets/cremad/AudioWAV/1001_TAI_ANG_XX.wav,cremad,angry,angry,0,0.7334443077735769,0.18631809144801714,0.07709400323326304,0.003143597545142964
/workspace/datasets/cremad/AudioWAV/1001_TAI_HAP_XX.wav,cremad,happy,angry,0,0.7070216360015158,0.2208186127369448,0.06254717103867556,0.00961258022286384
/workspace/datasets/cremad/AudioWAV/1001_TAI_NEU_XX.wav,cremad,neutral,angry,0,0.47900223692196603,0.25404001708456986,0.26227937800647366,0.0046783679869904045
/workspace/datasets/cremad/AudioWAV/1001_TAI_SAD_XX.wav,cremad,sad,happy,1,0.13189155315522427,0.5074326225399293,0.29137948856368995,0.06929633574115644
/workspace/datasets/cremad/AudioWAV/1001_TIE_ANG_XX.wav,cremad,angry,angry,0,0.6654316906966751,0.15648512859439173,0.16442312310683221,0.013660057602101093
/workspace/datasets/cremad/AudioWAV/1001_TIE_HAP_XX.wav,cremad,happy,angry,0,0.8844346155275067,0.034078471103101436,0.08019089212393969,0.0012960212454521426
/workspace/datasets/cremad/AudioWAV/1001_TIE_NEU_XX.wav,cremad,neutral,angry,0,0.44972303901483573,0.18766198595646044,0.3423934399930958,0.020221535035608047
/workspace/datasets/cremad/AudioWAV/1001_TIE_SAD_XX.wav,cremad,sad,neutral,2,0.051329512287017244,0.29280155468202207,0.3681690782017977,0.2876998548291631
/workspace/datasets/cremad/AudioWAV/1001_TSI_ANG_XX.wav,cremad,angry,angry,0,0.7662026076458042,0.182156515179517,0.04931942684977778,0.002321450324901134
/workspace/datasets/cremad/AudioWAV/1001_TSI_HAP_XX.wav,cremad,happy,angry,0,0.6153519388859259,0.13731492896810793,0.246050401661718,0.0012827304842483055
/workspace/datasets/cremad/AudioWAV/1001_TSI_NEU_XX.wav,cremad,neutral,happy,1,0.34564356973770494,0.5889269040985645,0.05882772679540607,0.006601799368324557
/workspace/datasets/cremad/AudioWAV/1001_TSI_SAD_XX.wav,cremad,sad,happy,1,0.11012106915639205,0.6910967474998632,0.11968348702569702,0.07909869631804783
/workspace/datasets/cremad/AudioWAV/1001_WSI_ANG_XX.wav,cremad,angry,angry,0,0.9126474671877147,0.06774725394122078,0.01795006870685599,0.001655210164208471
/workspace/datasets/cremad/AudioWAV/1001_WSI_HAP_XX.wav,cremad,happy,angry,0,0.801528517931011,0.06910669103385025,0.12863029178641075,0.0007344992487280906
/workspace/datasets/cremad/AudioWAV/1001_WSI_NEU_XX.wav,cremad,neutral,angry,0,0.5549558019217294,0.4004648107550286,0.04204702306635156,0.0025323642568904187
/workspace/datasets/cremad/AudioWAV/1001_WSI_SAD_XX.wav,cremad,sad,angry,0,0.6309038846058718,0.21866110972509067,0.1366916624905563,0.01374334317848134
/workspace/datasets/cremad/AudioWAV/1002_DFA_ANG_XX.wav,cremad,angry,angry,0,0.6017000494031928,0.39158740310624784,0.006631808081908309,8.073940865105499e-05
/workspace/datasets/cremad/AudioWAV/1002_DFA_HAP_XX.wav,cremad,happy,angry,0,0.9228288827569991,0.04053456204867339,0.018708234784462,0.017928320409865497
/workspace/datasets/cremad/AudioWAV/1002_DFA_NEU_XX.wav,cremad,neutral,happy,1,0.07017051455875314,0.6236890059637644,0.21441568800997646,0.09172479146750599
/workspace/datasets/cremad/AudioWAV/1002_DFA_SAD_XX.wav,cremad,sad,happy,1,0.03895832623695689,0.4995136089607323,0.20418442170131423,0.2573436431009964
/workspace/datasets/cremad/AudioWAV/1002_IEO_ANG_HI.wav,cremad,angry,angry,0,0.8814021305534124,0.11019124660608208,0.0082862004401387,0.00012042240036678304
/workspace/datasets/cremad/AudioWAV/1002_IEO_ANG_LO.wav,cremad,angry,angry,0,0.3569445902626314,0.29035707985966935,0.34998498305395737,0.0027133468237419914
/workspace/datasets/cremad/AudioWAV/1002_IEO_ANG_MD.wav,cremad,angry,angry,0,0.9824151314914074,0.015359510866896098,0.0020952855444287565,0.0001300720972676604
/workspace/datasets/cremad/AudioWAV/1002_IEO_HAP_HI.wav,cremad,happy,angry,0,0.5480664542717865,0.34215226076711325,0.10746695254203353,0.002314332419066756
/workspace/datasets/cremad/AudioWAV/1002_IEO_HAP_LO.wav,cremad,happy,neutral,2,0.08415525397217712,0.27581376671055124,0.42630770944457674,0.2137232698726949
/workspace/datasets/cremad/AudioWAV/1002_IEO_HAP_MD.wav,cremad,happy,angry,0,0.9000917679399317,0.04282947042804795,0.056035286274294625,0.0010434753577256812
/workspace/datasets/cremad/AudioWAV/1002_IEO_NEU_XX.wav,cremad,neutral,happy,1,0.0235384120721995,0.46922829082124595,0.24572119176900528,0.26151210533754926
/workspace/datasets/cremad/AudioWAV/1002_IEO_SAD_HI.wav,cremad,sad,neutral,2,0.00715135683023733,0.271560007750502,0.40318665086787764,0.31810198455138294
/workspace/datasets/cremad/AudioWAV/1002_IEO_SAD_LO.wav,cremad,sad,sad,3,0.005240024042057635,0.3429748635557798,0.2603518619238289,0.3914332504783337
/workspace/datasets/cremad/AudioWAV/1002_IEO_SAD_MD.wav,cremad,sad,happy,1,0.011444970650073195,0.38671726626458314,0.3635821249471435,0.23825563813820033
/workspace/datasets/cremad/AudioWAV/1002_IOM_ANG_XX.wav,cremad,angry,angry,0,0.7706329319403871,0.19977005204049456,0.028263498431435535,0.0013335175876826796
/workspace/datasets/cremad/AudioWAV/1002_IOM_HAP_XX.wav,cremad,happy,happy,1,0.17729913455545704,0.5938930826495759,0.21936428672278135,0.009443496072185722
/workspace/datasets/cremad/AudioWAV/1002_IOM_NEU_XX.wav,cremad,neutral,happy,1,0.028513089414369985,0.75733752752053,0.16128845702101785,0.052860926044082164
/workspace/datasets/cremad/AudioWAV/1002_IOM_SAD_XX.wav,cremad,sad,happy,1,0.03547091586456924,0.5244445889108664,0.4039148406847731,0.03616965453979127
/workspace/datasets/cremad/AudioWAV/1002_ITH_ANG_XX.wav,cremad,angry,angry,0,0.8532480970318957,0.1089557306782336,0.03689427141689143,0.0009019008729791116
/workspace/datasets/cremad/AudioWAV/1002_ITH_HAP_XX.wav,cremad,happy,angry,0,0.7549365378711053,0.17837301047536358,0.061523617315108484,0.005166834338422719
/workspace/datasets/cremad/AudioWAV/1002_ITH_NEU_XX.wav,cremad,neutral,happy,1,0.09659053186266317,0.34736650692389315,0.22354245469896827,0.33250050651447544
/workspace/datasets/cremad/AudioWAV/1002_ITH_SAD_XX.wav,cremad,sad,happy,1,0.14244935061563846,0.4823857284218807,0.2450705068189474,0.1300944141435334
/workspace/datasets/cremad/AudioWAV/1002_ITS_ANG_XX.wav,cremad,angry,happy,1,0.30033498457275215,0.6333760971451922,0.05361980369702056,0.012669114585034972
/workspace/datasets/cremad/AudioWAV/1002_ITS_HAP_XX.wav,cremad,happy,angry,0,0.8572195521979752,0.10677212224324029,0.032370300371668125,0.003638025187116373
/workspace/datasets/cremad/AudioWAV/1002_ITS_NEU_XX.wav,cremad,neutral,happy,1,0.06665007327557369,0.454645977048736,0.16702237014450264,0.31168157953118764
/workspace/datasets/cremad/AudioWAV/1002_ITS_SAD_XX.wav,cremad,sad,sad,3,0.015279094362053476,0.2788626829864682,0.07397453317508318,0.6318836894763951
/workspace/datasets/cremad/AudioWAV/1002_IWL_ANG_XX.wav,cremad,angry,happy,1,0.39776128518703613,0.4399212193342437,0.16168506034053723,0.0006324351381830161
/workspace/datasets/cremad/AudioWAV/1002_IWL_HAP_XX.wav,cremad,happy,angry,0,0.582731505805371,0.2504885192995096,0.1592154102604872,0.007564564634632116
/workspace/datasets/cremad/AudioWAV/1002_IWL_NEU_XX.wav,cremad,neutral,happy,1,0.11025092675581999,0.5061128094649628,0.25330741586537225,0.13032884791384497
/workspace/datasets/cremad/AudioWAV/1002_IWL_SAD_XX.wav,cremad,sad,happy,1,0.04109987401795663,0.5452499916809543,0.35070212237098225,0.06294801193010675
/workspace/datasets/cremad/AudioWAV/1002_IWW_ANG_XX.wav,cremad,angry,angry,0,0.7600495728310418,0.12321691761093276,0.11588680478562197,0.0008467047724035419
/workspace/datasets/cremad/AudioWAV/1002_IWW_HAP_XX.wav,cremad,happy,angry,0,0.6118459178608114,0.3402816992374767,0.04481968980987131,0.0030526930918405443
/workspace/datasets/cremad/AudioWAV/1002_IWW_NEU_XX.wav,cremad,neutral,happy,1,0.06779888058488732,0.38219455139080916,0.2107672964826583,0.3392392715416451
/workspace/datasets/cremad/AudioWAV/1002_IWW_SAD_XX.wav,cremad,sad,happy,1,0.01901556213633783,0.3931319304352234,0.3891919148176956,0.1986605926107432
/workspace/datasets/cremad/AudioWAV/1002_MTI_ANG_XX.wav,cremad,angry,angry,0,0.7396254326145639,0.13843916944196746,0.11115033696471614,0.010785060978752358
/workspace/datasets/cremad/AudioWAV/1002_MTI_HAP_XX.wav,cremad,happy,angry,0,0.6965742428355979,0.13711709167188207,0.16346434016190148,0.0028443253306185824
/workspace/datasets/cremad/AudioWAV/1002_MTI_NEU_XX.wav,cremad,neutral,happy,1,0.07973070959924347,0.41273367545125894,0.33907516325562814,0.1684604516938694
/workspace/datasets/cremad/AudioWAV/1002_MTI_SAD_XX.wav,cremad,sad,neutral,2,0.14431228872186502,0.3106679642661476,0.3909352973973047,0.1540844496146828
/workspace/datasets/cremad/AudioWAV/1002_TAI_ANG_XX.wav,cremad,angry,angry,0,0.7967673714651511,0.12295328658020749,0.07936345396626542,0.0009158879883760954
/workspace/datasets/cremad/AudioWAV/1002_TAI_HAP_XX.wav,cremad,happy,angry,0,0.7756110696355722,0.15132582731297486,0.06839438908117215,0.004668713970280793
/workspace/datasets/cremad/AudioWAV/1002_TAI_NEU_XX.wav,cremad,neutral,happy,1,0.05137195008486585,0.5178270310183222,0.15327552280492263,0.27752549609188937
/workspace/datasets/cremad/AudioWAV/1002_TAI_SAD_XX.wav,cremad,sad,happy,1,0.11755968924872112,0.377407658352834,0.3734873684901109,0.13154528390833387
/workspace/datasets/cremad/AudioWAV/1002_TIE_ANG_XX.wav,cremad,angry,angry,0,0.9480478666924861,0.0492700586546499,0.002556097368478554,0.0001259772843856058
/workspace/datasets/cremad/AudioWAV/1002_TIE_HAP_XX.wav,cremad,happy,angry,0,0.8703372108555176,0.09046060394773761,0.02795471384157306,0.011247471355171741
/workspace/datasets/cremad/AudioWAV/1002_TIE_SAD_XX.wav,cremad,sad,angry,0,0.6911779050981507,0.15224105495651488,0.15248907845031723,0.004091961495017378
/workspace/datasets/cremad/AudioWAV/1002_TSI_ANG_XX.wav,cremad,angry,angry,0,0.8093008572033397,0.14812872730125076,0.038317492505547515,0.0042529229898619885
/workspace/datasets/cremad/AudioWAV/1002_TSI_HAP_XX.wav,cremad,happy,angry,0,0.6193757489483896,0.24984447967803697,0.129600423881939,0.0011793474916343195
/workspace/datasets/cremad/AudioWAV/1002_TSI_NEU_XX.wav,cremad,neutral,happy,1,0.046571200652873256,0.4566003191363778,0.1372446331560532,0.3595838470546958
/workspace/datasets/cremad/AudioWAV/1002_TSI_SAD_XX.wav,cremad,sad,sad,3,0.03524285215811228,0.39059677302966705,0.06457053421298659,0.5095898405992341
/workspace/datasets/cremad/AudioWAV/1002_WSI_ANG_XX.wav,cremad,angry,angry,0,0.9069500643179113,0.08446322379259259,0.008044172891192207,0.0005425389983039422
/workspace/datasets/cremad/AudioWAV/1002_WSI_HAP_XX.wav,cremad,happy,angry,0,0.7934366095606943,0.16205296409106756,0.03754591430919531,0.006964512039042913
/workspace/datasets/cremad/AudioWAV/1002_WSI_NEU_XX.wav,cremad,neutral,happy,1,0.16705851986203638,0.4493309856976456,0.1729131467241794,0.21069734771613857
/workspace/datasets/cremad/AudioWAV/1002_WSI_SAD_XX.wav,cremad,sad,sad,3,0.08327380290173247,0.28833701085382396,0.13712255541336657,0.49126663083107686
/workspace/datasets/cremad/AudioWAV/1003_DFA_ANG_XX.wav,cremad,angry,angry,0,0.9629256617261461,0.034933793824583316,0.0021130624103046286,2.7482038965788558e-05
/workspace/datasets/cremad/AudioWAV/1003_DFA_HAP_XX.wav,cremad,happy,angry,0,0.5018536311443794,0.1695414813169692,0.3233906305963338,0.005214256942317616
/workspace/datasets/cremad/AudioWAV/1003_DFA_NEU_XX.wav,cremad,neutral,angry,0,0.6232162698913095,0.08870321835598886,0.21534010184784236,0.07274040990485926
/workspace/datasets/cremad/AudioWAV/1003_DFA_SAD_XX.wav,cremad,sad,happy,1,0.03400568367541596,0.4789534882882903,0.2694704551165311,0.2175703729197625
/workspace/datasets/cremad/AudioWAV/1003_IEO_ANG_HI.wav,cremad,angry,happy,1,0.09931637011663182,0.8889948968015424,0.011580198501407884,0.00010853458041792688
/workspace/datasets/cremad/AudioWAV/1003_IEO_ANG_LO.wav,cremad,angry,neutral,2,0.31104850995930783,0.23603550234043186,0.41116399214159655,0.041751995558663615
/workspace/datasets/cremad/AudioWAV/1003_IEO_ANG_MD.wav,cremad,angry,happy,1,0.4118266333685307,0.5438957094879415,0.02832298316179831,0.015954673981729433
/workspace/datasets/cremad/AudioWAV/1003_IEO_HAP_HI.wav,cremad,happy,angry,0,0.6382788653367896,0.17193363008558316,0.1814771976529652,0.008310306924662047
/workspace/datasets/cremad/AudioWAV/1003_IEO_HAP_LO.wav,cremad,happy,happy,1,0.044774620730661234,0.46533119958368596,0.2828209414065473,0.20707323827910556
/workspace/datasets/cremad/AudioWAV/1003_IEO_HAP_MD.wav,cremad,happy,happy,1,0.17561299837561484,0.6629489954888869,0.15622708534199164,0.005210920793506611
/workspace/datasets/cremad/AudioWAV/1003_IEO_NEU_XX.wav,cremad,neutral,happy,1,0.05194639477270087,0.664081237887523,0.2265432467634748,0.05742912057630149
/workspace/datasets/cremad/AudioWAV/1003_IEO_SAD_HI.wav,cremad,sad,sad,3,0.010371162161525452,0.25939489615214434,0.2354042771383349,0.4948296645479954
/workspace/datasets/cremad/AudioWAV/1003_IEO_SAD_LO.wav,cremad,sad,sad,3,0.004544118779231271,0.30716938628639195,0.24443789345465394,0.4438486014797228
/workspace/datasets/cremad/AudioWAV/1003_IEO_SAD_MD.wav,cremad,sad,sad,3,0.007250975437455421,0.33655677383943655,0.28870815664484767,0.3674840940782604
/workspace/datasets/cremad/AudioWAV/1003_IOM_ANG_XX.wav,cremad,angry,happy,1,0.2585157672267772,0.6633635436392303,0.07789683585254342,0.00022385328144913135
/workspace/datasets/cremad/AudioWAV/1003_IOM_HAP_XX.wav,cremad,happy,happy,1,0.28608327705975517,0.4835094094760105,0.2190280293620745,0.01137928410215975
/workspace/datasets/cremad/AudioWAV/1003_IOM_NEU_XX.wav,cremad,neutral,angry,0,0.457193720827251,0.1567136540460243,0.37205859193396806,0.01403403319275667
/workspace/datasets/cremad/AudioWAV/1003_IOM_SAD_XX.wav,cremad,sad,neutral,2,0.029625895018664392,0.33772606974247044,0.35861622856512987,0.2740318066737353
/workspace/datasets/cremad/AudioWAV/1003_ITH_ANG_XX.wav,cremad,angry,angry,0,0.5617662699702023,0.4203663569751912,0.0168119281568487,0.001055444897757804
/workspace/datasets/cremad/AudioWAV/1003_ITH_HAP_XX.wav,cremad,happy,happy,1,0.42032157437642165,0.4529244268909122,0.11561035501174362,0.011143643720922476
/workspace/datasets/cremad/AudioWAV/1003_ITH_NEU_XX.wav,cremad,neutral,angry,0,0.3658794494622728,0.3286820456362158,0.2988560095024229,0.006582495399088516
/workspace/datasets/cremad/AudioWAV/1003_ITH_SAD_XX.wav,cremad,sad,happy,1,0.06991653601381731,0.6675759046743049,0.15091371733885284,0.11159384197302506
/workspace/datasets/cremad/AudioWAV/1003_ITS_ANG_XX.wav,cremad,angry,angry,0,0.9471681324343786,0.03670291182744601,0.013451793962421786,0.002677161775753653
/workspace/datasets/cremad/AudioWAV/1003_ITS_HAP_XX.wav,cremad,happy,happy,1,0.2980093908507449,0.3649097804401828,0.25916209811458907,0.07791873059448313
/workspace/datasets/cremad/AudioWAV/1003_ITS_NEU_XX.wav,cremad,neutral,happy,1,0.01900075580496315,0.4250679749082379,0.32891014150449954,0.22702112778229955
/workspace/datasets/cremad/AudioWAV/1003_ITS_SAD_XX.wav,cremad,sad,sad,3,0.01056929271304382,0.3116134435337224,0.14710283893026455,0.5307144248229693
/workspace/datasets/cremad/AudioWAV/1003_IWL_ANG_XX.wav,cremad,angry,angry,0,0.6816547839646198,0.3130270157615122,0.004988998057400962,0.0003292022164671362
/workspace/datasets/cremad/AudioWAV/1003_IWL_HAP_XX.wav,cremad,happy,happy,1,0.21288969160326449,0.6196573393871233,0.16456707167400317,0.0028858973356090285
/workspace/datasets/cremad/AudioWAV/1003_IWL_NEU_XX.wav,cremad,neutral,happy,1,0.2542596555764679,0.6024977356654078,0.12931948489348907,0.013923123864635241
/workspace/datasets/cremad/AudioWAV/1003_IWL_SAD_XX.wav,cremad,sad,happy,1,0.06663627953235274,0.6910103483447455,0.1934888925607714,0.0488644795621304
/workspace/datasets/cremad/AudioWAV/1003_IWW_ANG_XX.wav,cremad,angry,happy,1,0.2606831667008136,0.7069300854025368,0.02980692451003095,0.0025798233866187108
/workspace/datasets/cremad/AudioWAV/1003_IWW_HAP_XX.wav,cremad,happy,neutral,2,0.3599424355157757,0.26219800823195694,0.3619346669095453,0.015924889342722005
/workspace/datasets/cremad/AudioWAV/1003_IWW_NEU_XX.wav,cremad,neutral,neutral,2,0.10475727179762516,0.35892629870801945,0.3882438061795628,0.1480726233147926
/workspace/datasets/cremad/AudioWAV/1003_IWW_SAD_XX.wav,cremad,sad,sad,3,0.010152415705979431,0.07311179620393571,0.3223760420032027,0.5943597460868822
/workspace/datasets/cremad/AudioWAV/1003_MTI_ANG_XX.wav,cremad,angry,angry,0,0.9056355646577808,0.07635672972533562,0.013795267866761107,0.00421243775012243
/workspace/datasets/cremad/AudioWAV/1003_MTI_HAP_XX.wav,cremad,happy,angry,0,0.42270945663641724,0.17819037485815598,0.3903848382395442,0.008715330265882601
/workspace/datasets/cremad/AudioWAV/1003_MTI_NEU_XX.wav,cremad,neutral,happy,1,0.26447388512803977,0.3996189112646423,0.25285546936589487,0.0830517342414231
/workspace/datasets/cremad/AudioWAV/1003_MTI_SAD_XX.wav,cremad,sad,happy,1,0.08528617188711295,0.5320110945810903,0.27437483968318377,0.10832789384861305
/workspace/datasets/cremad/AudioWAV/1003_TAI_ANG_XX.wav,cremad,angry,angry,0,0.870686274020322,0.119291764740796,0.009791441608546062,0.00023051963033591377
/workspace/datasets/cremad/AudioWAV/1003_TAI_HAP_XX.wav,cremad,happy,angry,0,0.7792197650217374,0.10654661190254411,0.1124059216183685,0.00182770145734986
/workspace/datasets/cremad/AudioWAV/1003_TAI_NEU_XX.wav,cremad,neutral,angry,0,0.5618892367743445,0.1425779710098736,0.27858994564750755,0.016942846568274307
/workspace/datasets/cremad/AudioWAV/1003_TAI_SAD_XX.wav,cremad,sad,neutral,2,0.23995190726946183,0.1548664007161104,0.4894432549669411,0.1157384370474866
/workspace/datasets/cremad/AudioWAV/1003_TIE_ANG_XX.wav,cremad,angry,angry,0,0.9387325012215518,0.048933318177222615,0.012029243247210662,0.00030493735401495735
/workspace/datasets/cremad/AudioWAV/1003_TIE_HAP_XX.wav,cremad,happy,happy,1,0.19862191467703555,0.39616549406334234,0.3512821644152933,0.05393042684432872
/workspace/datasets/cremad/AudioWAV/1003_TIE_NEU_XX.wav,cremad,neutral,angry,0,0.3724478472856225,0.20059225623754987,0.3538722270929088,0.07308766938391878
/workspace/datasets/cremad/AudioWAV/1003_TIE_SAD_XX.wav,cremad,sad,sad,3,0.1287988942343047,0.3331060395733499,0.13360839360257562,0.4044866725897699
/workspace/datasets/cremad/AudioWAV/1003_TSI_ANG_XX.wav,cremad,angry,happy,1,0.2659934429507814,0.5892953826685262,0.08051737908081842,0.06419379529987393
/workspace/datasets/cremad/AudioWAV/1003_TSI_HAP_XX.wav,cremad,happy,sad,3,0.032103941622231,0.11691770562089242,0.2652045556311584,0.5857737971257182
/workspace/datasets/cremad/AudioWAV/1003_TSI_NEU_XX.wav,cremad,neutral,sad,3,0.022066493995373512,0.2561339833785397,0.252604606178554,0.46919491644753275
/workspace/datasets/cremad/AudioWAV/1003_TSI_SAD_XX.wav,cremad,sad,sad,3,0.004764951227163108,0.09617340768858904,0.32565896140362915,0.5734026796806186
/workspace/datasets/cremad/AudioWAV/1003_WSI_ANG_XX.wav,cremad,angry,angry,0,0.9558655691688521,0.04327552488181075,0.0007992429274173196,5.9663021919850966e-05
/workspace/datasets/cremad/AudioWAV/1003_WSI_HAP_XX.wav,cremad,happy,happy,1,0.319879823691362,0.5808550748289893,0.08626348382233306,0.013001617657315627
/workspace/datasets/cremad/AudioWAV/1003_WSI_NEU_XX.wav,cremad,neutral,happy,1,0.19248604755121557,0.4424161436175231,0.25263312869375665,0.11246468013750448
/workspace/datasets/cremad/AudioWAV/1003_WSI_SAD_XX.wav,cremad,sad,happy,1,0.042764955384470844,0.4548071130177415,0.2824983525460795,0.21992957905170804
/workspace/datasets/cremad/AudioWAV/1004_DFA_ANG_XX.wav,cremad,angry,angry,0,0.9933617598372603,0.005275986697785719,0.0013281020001240605,3.415146482977388e-05
/workspace/datasets/cremad/AudioWAV/1004_DFA_HAP_XX.wav,cremad,happy,angry,0,0.42926415105471666,0.30675729305449156,0.25081428435886327,0.013164271531928461
/workspace/datasets/cremad/AudioWAV/1004_DFA_NEU_XX.wav,cremad,neutral,angry,0,0.49670432568483674,0.11209252938380825,0.27687055429727075,0.11433259063408427
/workspace/datasets/cremad/AudioWAV/1004_DFA_SAD_XX.wav,cremad,sad,sad,3,0.04036736210391021,0.29292268986625697,0.229697458285214,0.43701248974461887
/workspace/datasets/cremad/AudioWAV/1004_IEO_ANG_HI.wav,cremad,angry,angry,0,0.8249395206239419,0.1713703325359882,0.003603745481730777,8.640135833910381e-05
/workspace/datasets/cremad/AudioWAV/1004_IEO_ANG_LO.wav,cremad,angry,angry,0,0.9066527323064345,0.0489423862536655,0.04111658298094322,0.0032882984589568736
/workspace/datasets/cremad/AudioWAV/1004_IEO_ANG_MD.wav,cremad,angry,angry,0,0.5496512461861355,0.4225484537045117,0.024573909995109833,0.0032263901142430404
/workspace/datasets/cremad/AudioWAV/1004_IEO_HAP_HI.wav,cremad,happy,happy,1,0.27786651899400855,0.718485207161193,0.003624438453298558,2.383539149993661e-05
/workspace/datasets/cremad/AudioWAV/1004_IEO_HAP_LO.wav,cremad,happy,happy,1,0.12416482218433689,0.45104731023774836,0.2817383794025028,0.143049488175412
/workspace/datasets/cremad/AudioWAV/1004_IEO_HAP_MD.wav,cremad,happy,angry,0,0.6076040564922195,0.23081631289059168,0.15557201918116087,0.006007611436028065
/workspace/datasets/cremad/AudioWAV/1004_IEO_NEU_XX.wav,cremad,neutral,neutral,2,0.16568322733094853,0.3484853650548197,0.3806892583998563,0.10514214921437541
/workspace/datasets/cremad/AudioWAV/1004_IEO_SAD_HI.wav,cremad,sad,sad,3,0.00463240816117425,0.2787828123438283,0.26850935924144825,0.4480754202535493
/workspace/datasets/cremad/AudioWAV/1004_IEO_SAD_LO.wav,cremad,sad,sad,3,0.013581320226446954,0.2777065520059148,0.2566817653294755,0.4520303624381627
/workspace/datasets/cremad/AudioWAV/1004_IEO_SAD_MD.wav,cremad,sad,sad,3,0.0048816663731554655,0.17937541518806066,0.2816272790281358,0.5341156394106481
/workspace/datasets/cremad/AudioWAV/1004_IOM_ANG_XX.wav,cremad,angry,angry,0,0.9849616204850926,0.0030731451376774946,0.011796298753231415,0.00016893562399850054
/workspace/datasets/cremad/AudioWAV/1004_IOM_HAP_XX.wav,cremad,happy,angry,0,0.699084422634613,0.16353999880890494,0.13202933254301252,0.005346246013469516
/workspace/datasets/cremad/AudioWAV/1004_IOM_NEU_XX.wav,cremad,neutral,sad,3,0.07130701486419315,0.3052202070193021,0.23557265489932686,0.38790012321717793
/workspace/datasets/cremad/AudioWAV/1004_IOM_SAD_XX.wav,cremad,sad,happy,1,0.01834084113891392,0.4417923749370053,0.2862790234253697,0.2535877604987111
/workspace/datasets/cremad/AudioWAV/1004_ITH_ANG_XX.wav,cremad,angry,angry,0,0.951331186352367,0.020387614538669253,0.02813957981524615,0.00014161929371754792
/workspace/datasets/cremad/AudioWAV/1004_ITH_HAP_XX.wav,cremad,happy,happy,1,0.23869913851078334,0.4537976834704921,0.20343435760393722,0.1040688204147873
/workspace/datasets/cremad/AudioWAV/1004_ITH_NEU_XX.wav,cremad,neutral,angry,0,0.35014611911060217,0.32781857119723906,0.18014574244896653,0.14188956724319224
/workspace/datasets/cremad/AudioWAV/1004_ITH_SAD_XX.wav,cremad,sad,happy,1,0.013591926902061208,0.4197732247580301,0.2927190810340596,0.2739157673058491
/workspace/datasets/cremad/AudioWAV/1004_ITS_ANG_XX.wav,cremad,angry,angry,0,0.7168415843945816,0.17234418938558144,0.09561114052409922,0.01520308569573762
/workspace/datasets/cremad/AudioWAV/1004_ITS_HAP_XX.wav,cremad,happy,happy,1,0.17586497584296854,0.48701876116013415,0.12138772158324665,0.21572854141365058
/workspace/datasets/cremad/AudioWAV/1004_ITS_NEU_XX.wav,cremad,neutral,happy,1,0.26821353476237647,0.4204638933414388,0.22547013072802874,0.08585244116815592
/workspace/datasets/cremad/AudioWAV/1004_ITS_SAD_XX.wav,cremad,sad,sad,3,0.008462028187412343,0.09868826367295552,0.1443183497197481,0.7485313584198839
/workspace/datasets/cremad/AudioWAV/1004_IWL_ANG_XX.wav,cremad,angry,angry,0,0.9358650808984427,0.056673614342828665,0.007398923447401117,6.238131132764013e-05
/workspace/datasets/cremad/AudioWAV/1004_IWL_HAP_XX.wav,cremad,happy,happy,1,0.3845798735163703,0.4524303946839924,0.15384452158910578,0.009145210210531647
/workspace/datasets/cremad/AudioWAV/1004_IWL_NEU_XX.wav,cremad,neutral,happy,1,0.28521485742905794,0.5073541589272819,0.19440617677898492,0.013024806864675257
/workspace/datasets/cremad/AudioWAV/1004_IWL_SAD_XX.wav,cremad,sad,angry,0,0.5428077991013479,0.2720035523871593,0.16835840394313215,0.01683024456836075
/workspace/datasets/cremad/AudioWAV/1004_IWW_ANG_XX.wav,cremad,angry,angry,0,0.9035198333291955,0.018856187922830024,0.0683155711148581,0.009308407633116427
/workspace/datasets/cremad/AudioWAV/1004_IWW_HAP_XX.wav,cremad,happy,happy,1,0.06737309362900147,0.460552681141256,0.24087327108674758,0.23120095414299488
/workspace/datasets/cremad/AudioWAV/1004_IWW_NEU_XX.wav,cremad,neutral,sad,3,0.0925901372660376,0.2832218484267571,0.306478794110683,0.31770922019652237
/workspace/datasets/cremad/AudioWAV/1004_IWW_SAD_XX.wav,cremad,sad,sad,3,0.023514200867616186,0.28344952220524006,0.1853872968368549,0.5076489800902889
/workspace/datasets/cremad/AudioWAV/1004_MTI_ANG_XX.wav,cremad,angry,angry,0,0.9087622731281775,0.06876503182525953,0.020239837985971423,0.002232857060591589
/workspace/datasets/cremad/AudioWAV/1004_MTI_HAP_XX.wav,cremad,happy,happy,1,0.09469926475092617,0.3672273968231981,0.30853313444382297,0.22954020398205266
/workspace/datasets/cremad/AudioWAV/1004_MTI_NEU_XX.wav,cremad,neutral,neutral,2,0.0890871287922758,0.36597144569298173,0.47798489903038704,0.06695652648435532
/workspace/datasets/cremad/AudioWAV/1004_MTI_SAD_XX.wav,cremad,sad,neutral,2,0.044927334297881275,0.26543345949120956,0.39784074854621587,0.2917984576646933
/workspace/datasets/cremad/AudioWAV/1004_TAI_ANG_XX.wav,cremad,angry,angry,0,0.9718556953337234,0.0038027434651553378,0.023848428449223195,0.0004931327518981872
/workspace/datasets/cremad/AudioWAV/1004_TAI_HAP_XX.wav,cremad,happy,neutral,2,0.1637641110895759,0.2933677940530203,0.3591266178814361,0.18374147697596763
/workspace/datasets/cremad/AudioWAV/1004_TAI_NEU_XX.wav,cremad,neutral,neutral,2,0.1957260167831633,0.33095335650433394,0.37292710191284495,0.10039352479965771
/workspace/datasets/cremad/AudioWAV/1004_TAI_SAD_XX.wav,cremad,sad,sad,3,0.0499111992764058,0.1773616085680597,0.3257107894181892,0.4470164027373452
/workspace/datasets/cremad/AudioWAV/1004_TIE_ANG_XX.wav,cremad,angry,angry,0,0.9909632709691178,0.00869269460227452,0.000309171525389664,3.4862903218024996e-05
/workspace/datasets/cremad/AudioWAV/1004_TIE_HAP_XX.wav,cremad,happy,angry,0,0.8084007743319221,0.16235094124951965,0.028769326425618847,0.00047895799293933364
/workspace/datasets/cremad/AudioWAV/1004_TIE_NEU_XX.wav,cremad,neutral,neutral,2,0.24220332780105194,0.2348476391237628,0.33879489427007875,0.1841541388051066
/workspace/datasets/cremad/AudioWAV/1004_TIE_SAD_XX.wav,cremad,sad,happy,1,0.01595414462080847,0.5117070477375723,0.11866982669101342,0.35366898095060584
/workspace/datasets/cremad/AudioWAV/1004_TSI_ANG_XX.wav,cremad,angry,angry,0,0.8629085406774468,0.11550294692752577,0.020197322263934156,0.0013911901310932264
/workspace/datasets/cremad/AudioWAV/1004_TSI_HAP_XX.wav,cremad,happy,happy,1,0.23550309449034096,0.6272904937851095,0.10826489230673203,0.028941519417817613
/workspace/datasets/cremad/AudioWAV/1004_TSI_NEU_XX.wav,cremad,neutral,angry,0,0.5064771964603434,0.2565999276135243,0.19738516731408537,0.03953770861204699
/workspace/datasets/cremad/AudioWAV/1004_TSI_SAD_XX.wav,cremad,sad,sad,3,0.026736663936639954,0.3540572859311747,0.09584687822075799,0.5233591719114272
/workspace/datasets/cremad/AudioWAV/1004_WSI_ANG_XX.wav,cremad,angry,angry,0,0.9343146602266126,0.056860815284741024,0.0065927574732742395,0.002231767015372339
/workspace/datasets/cremad/AudioWAV/1004_WSI_HAP_XX.wav,cremad,happy,angry,0,0.8709561124866704,0.10450840297691404,0.02295254992305588,0.0015829346133596628
/workspace/datasets/cremad/AudioWAV/1004_WSI_NEU_XX.wav,cremad,neutral,angry,0,0.5103571309998308,0.281932650409407,0.16331236384878436,0.04439785474197787
/workspace/datasets/cremad/AudioWAV/1004_WSI_SAD_XX.wav,cremad,sad,sad,3,0.028219855421271693,0.2844784957653515,0.13612298984069005,0.5511786589726867
/workspace/datasets/cremad/AudioWAV/1005_DFA_ANG_XX.wav,cremad,angry,angry,0,0.9535076451619674,0.03315387340225506,0.01231895632887608,0.0010195251069013834
/workspace/datasets/cremad/AudioWAV/1005_DFA_HAP_XX.wav,cremad,happy,angry,0,0.526022505217155,0.3937546100337991,0.07878923016360326,0.00143365458544275
/workspace/datasets/cremad/AudioWAV/1005_DFA_NEU_XX.wav,cremad,neutral,angry,0,0.4973668894942703,0.3694199015154334,0.12900784073035676,0.004205368259939394
/workspace/datasets/cremad/AudioWAV/1005_DFA_SAD_XX.wav,cremad,sad,happy,1,0.06597618618833641,0.6218381718849425,0.22450603709202582,0.0876796048346953
/workspace/datasets/cremad/AudioWAV/1005_IEO_ANG_HI.wav,cremad,angry,angry,0,0.8972997499928073,0.08570288814835478,0.015451231135438295,0.0015461307233997081
/workspace/datasets/cremad/AudioWAV/1005_IEO_ANG_LO.wav,cremad,angry,neutral,2,0.3006000852694788,0.08743454963684767,0.5535668351733414,0.058398529920332176
/workspace/datasets/cremad/AudioWAV/1005_IEO_ANG_MD.wav,cremad,angry,angry,0,0.7723445711377179,0.0646284745004471,0.1290602522419635,0.03396670211987151
/workspace/datasets/cremad/AudioWAV/1005_IEO_HAP_HI.wav,cremad,happy,angry,0,0.4489330687939766,0.43433562744497595,0.09382710875887024,0.022904195002177122
/workspace/datasets/cremad/AudioWAV/1005_IEO_HAP_LO.wav,cremad,happy,sad,3,0.07792850878594412,0.33194180333543083,0.24937390468693066,0.34075578319169436
/workspace/datasets/cremad/AudioWAV/1005_IEO_HAP_MD.wav,cremad,happy,neutral,2,0.15297536277839402,0.3104036954307943,0.3487140210694489,0.18790692072136284
/workspace/datasets/cremad/AudioWAV/1005_IEO_NEU_XX.wav,cremad,neutral,sad,3,0.031978355975575135,0.34337977531769204,0.14509581783340542,0.4795460508733275
/workspace/datasets/cremad/AudioWAV/1005_IEO_SAD_HI.wav,cremad,sad,happy,1,0.05094995609330418,0.6204112146461179,0.20945212141073466,0.11918670784984312
/workspace/datasets/cremad/AudioWAV/1005_IEO_SAD_LO.wav,cremad,sad,sad,3,0.008161306357223893,0.31655486412463263,0.33296991906589823,0.34231391045224524
/workspace/datasets/cremad/AudioWAV/1005_IEO_SAD_MD.wav,cremad,sad,happy,1,0.07836186728003933,0.5993032048462765,0.18334557205374594,0.13898935581993832
/workspace/datasets/cremad/AudioWAV/1005_IOM_ANG_XX.wav,cremad,angry,angry,0,0.542314826869624,0.4292098319001511,0.025632034663751614,0.002843306566473389
/workspace/datasets/cremad/AudioWAV/1005_IOM_HAP_XX.wav,cremad,happy,happy,1,0.1439523503465789,0.6737315623082052,0.15591316072626057,0.02640292661895529
/workspace/datasets/cremad/AudioWAV/1005_IOM_NEU_XX.wav,cremad,neutral,happy,1,0.04521585784324696,0.5844176148169113,0.30871194998216256,0.06165457735767919
/workspace/datasets/cremad/AudioWAV/1005_IOM_SAD_XX.wav,cremad,sad,happy,1,0.015108192035925191,0.5965518295594255,0.27594355415877303,0.11239642424587631
/workspace/datasets/cremad/AudioWAV/1005_ITH_ANG_XX.wav,cremad,angry,angry,0,0.8991473970723098,0.05089604309799428,0.04806867591215346,0.001887883917542363
/workspace/datasets/cremad/AudioWAV/1005_ITH_HAP_XX.wav,cremad,happy,angry,0,0.5686134504477486,0.260119788775939,0.1649489480323134,0.006317812743998985
/workspace/datasets/cremad/AudioWAV/1005_ITH_NEU_XX.wav,cremad,neutral,happy,1,0.23993686466155775,0.5812758357444637,0.14089286589442634,0.03789443369955219
/workspace/datasets/cremad/AudioWAV/1005_ITH_SAD_XX.wav,cremad,sad,happy,1,0.23635101664636252,0.5217066655958361,0.18924288979728235,0.05269942796051902
/workspace/datasets/cremad/AudioWAV/1005_ITS_ANG_XX.wav,cremad,angry,angry,0,0.8631206128622567,0.11999317756099019,0.014229209744832407,0.0026569998319206397
/workspace/datasets/cremad/AudioWAV/1005_ITS_HAP_XX.wav,cremad,happy,angry,0,0.7804143953301361,0.17422088447597825,0.030132515393098597,0.015232204800787068
/workspace/datasets/cremad/AudioWAV/1005_ITS_NEU_XX.wav,cremad,neutral,angry,0,0.485461564544472,0.38504951891360356,0.1087807100976604,0.02070820644426382
/workspace/datasets/cremad/AudioWAV/1005_ITS_SAD_XX.wav,cremad,sad,happy,1,0.26531484847254927,0.5254115139649118,0.17772176102001072,0.03155187654252809
/workspace/datasets/cremad/AudioWAV/1005_IWL_ANG_XX.wav,cremad,angry,happy,1,0.26221480565600863,0.6753155033686471,0.060600708253798215,0.0018689827215460845
/workspace/datasets/cremad/AudioWAV/1005_IWL_HAP_XX.wav,cremad,happy,happy,1,0.29963096433562275,0.6016248779151786,0.08343243426372066,0.015311723485477952
/workspace/datasets/cremad/AudioWAV/1005_IWL_NEU_XX.wav,cremad,neutral,happy,1,0.14364171927754785,0.6285921934345445,0.1720152076992621,0.055750879588645545
/workspace/datasets/cremad/AudioWAV/1005_IWL_SAD_XX.wav,cremad,sad,happy,1,0.029718267126299377,0.6536504751494667,0.19141698012590602,0.12521427759832796
/workspace/datasets/cremad/AudioWAV/1005_IWW_ANG_XX.wav,cremad,angry,happy,1,0.23430101995869163,0.5796546679767678,0.11139464492609578,0.0746496671384449
/workspace/datasets/cremad/AudioWAV/1005_IWW_HAP_XX.wav,cremad,happy,happy,1,0.1022733189620858,0.5464334466829196,0.2118634950677,0.1394297392872945
/workspace/datasets/cremad/AudioWAV/1005_IWW_NEU_XX.wav,cremad,neutral,happy,1,0.11267976531586167,0.4853766741401771,0.3191431970301476,0.08280036351381354
/workspace/datasets/cremad/AudioWAV/1005_IWW_SAD_XX.wav,cremad,sad,neutral,2,0.10106341163944435,0.21855833500370092,0.5918181087513206,0.08856014460553431
/workspace/datasets/cremad/AudioWAV/1005_MTI_ANG_XX.wav,cremad,angry,angry,0,0.5069422385973532,0.2271152314194468,0.25807456547703406,0.007867964506165951
/workspace/datasets/cremad/AudioWAV/1005_MTI_HAP_XX.wav,cremad,happy,angry,0,0.7938828608019559,0.11158773564834477,0.08080523846806542,0.01372416508163385
/workspace/datasets/cremad/AudioWAV/1005_MTI_NEU_XX.wav,cremad,neutral,neutral,2,0.05128638148473317,0.29640163116322193,0.5292120063299507,0.12309998102209421
/workspace/datasets/cremad/AudioWAV/1005_MTI_SAD_XX.wav,cremad,sad,happy,1,0.10664887534428044,0.5407591080497969,0.3099968491315056,0.04259516747441713
/workspace/datasets/cremad/AudioWAV/1005_TAI_ANG_XX.wav,cremad,angry,angry,0,0.4654681113097394,0.37288612512778174,0.15337269253518832,0.008273071027290465
/workspace/datasets/cremad/AudioWAV/1005_TAI_HAP_XX.wav,cremad,happy,happy,1,0.059906222907861996,0.5685161157751158,0.21695653534193043,0.15462112597509167
