file_path,dataset,label,pred_label,pred_label_enc,proba_angry,proba_happy,proba_neutral,proba_sad
/workspace/datasets/cremad/AudioWAV/1001_DFA_ANG_XX.wav,cremad,angry,angry,0,0.5398846686444517,0.15055668013247786,0.2790528735087688,0.03050577771430166
/workspace/datasets/cremad/AudioWAV/1001_DFA_HAP_XX.wav,cremad,happy,neutral,2,0.39270356190206995,0.24008806338606523,0.3451191214076371,0.022089253304228087
/workspace/datasets/cremad/AudioWAV/1001_DFA_NEU_XX.wav,cremad,neutral,neutral,2,0.3671302362072909,0.22239850961859556,0.3575366949192932,0.052934559254820664
/workspace/datasets/cremad/AudioWAV/1001_DFA_SAD_XX.wav,cremad,sad,happy,1,0.20405814606755102,0.3542193123172598,0.3351946179410355,0.10652792367415374
/workspace/datasets/cremad/AudioWAV/1001_IEO_ANG_HI.wav,cremad,angry,angry,0,0.772469921271421,0.10667219409892531,0.08959153442358574,0.03126635020606798
/workspace/datasets/cremad/AudioWAV/1001_IEO_ANG_LO.wav,cremad,angry,neutral,2,0.3370364770466522,0.16228487287678758,0.44593619589267297,0.054742454183887235
/workspace/datasets/cremad/AudioWAV/1001_IEO_ANG_MD.wav,cremad,angry,angry,0,0.5536256391321384,0.2583555784309739,0.1768275614131549,0.011191221023732429
/workspace/datasets/cremad/AudioWAV/1001_IEO_HAP_HI.wav,cremad,happy,angry,0,0.7285377998730177,0.13558730681927578,0.11501736820248994,0.020857525105216747
/workspace/datasets/cremad/AudioWAV/1001_IEO_HAP_LO.wav,cremad,happy,neutral,2,0.2594000360763152,0.14228341197935704,0.5597146554677275,0.038601896476600034
/workspace/datasets/cremad/AudioWAV/1001_IEO_HAP_MD.wav,cremad,happy,neutral,2,0.42524608688026155,0.15782048995324507,0.36150142686286735,0.055431996303626184
/workspace/datasets/cremad/AudioWAV/1001_IEO_NEU_XX.wav,cremad,neutral,neutral,2,0.2270279576001882,0.3221836418351607,0.38620580009761457,0.06458260046703657
/workspace/datasets/cremad/AudioWAV/1001_IEO_SAD_HI.wav,cremad,sad,happy,1,0.18635818703448545,0.4275315976891385,0.2568800529060502,0.12923016237032584
/workspace/datasets/cremad/AudioWAV/1001_IEO_SAD_LO.wav,cremad,sad,neutral,2,0.08903490828574168,0.3573240569347724,0.3490771636169631,0.20456387116252311
/workspace/datasets/cremad/AudioWAV/1001_IEO_SAD_MD.wav,cremad,sad,neutral,2,0.09673156875752152,0.3352943874592765,0.36867057693194466,0.19930346685125724
/workspace/datasets/cremad/AudioWAV/1001_IOM_ANG_XX.wav,cremad,angry,neutral,2,0.15548931813045205,0.16545352644113107,0.6591876454201342,0.019869510008282323
/workspace/datasets/cremad/AudioWAV/1001_IOM_HAP_XX.wav,cremad,happy,happy,1,0.286651491338197,0.406301090507116,0.28567735621403173,0.021370061940655202
/workspace/datasets/cremad/AudioWAV/1001_IOM_NEU_XX.wav,cremad,neutral,neutral,2,0.12452036636157672,0.43490810055956686,0.4000985794768079,0.04047295360204896
/workspace/datasets/cremad/AudioWAV/1001_IOM_SAD_XX.wav,cremad,sad,neutral,2,0.25456198140043085,0.2585504297189211,0.45290762279004704,0.03397996609060133
/workspace/datasets/cremad/AudioWAV/1001_ITH_ANG_XX.wav,cremad,angry,angry,0,0.6800356374819765,0.14438405806153648,0.16829507869461652,0.0072852257618703006
/workspace/datasets/cremad/AudioWAV/1001_ITH_HAP_XX.wav,cremad,happy,happy,1,0.3607832639659575,0.4208099229033023,0.2031808851780967,0.015225927952643312
/workspace/datasets/cremad/AudioWAV/1001_ITH_NEU_XX.wav,cremad,neutral,happy,1,0.36267374567957356,0.4308413147905251,0.18386768609198498,0.022617253437916405
/workspace/datasets/cremad/AudioWAV/1001_ITH_SAD_XX.wav,cremad,sad,happy,1,0.10736651911412717,0.45640553029986086,0.25418353451128217,0.1820444160747299
/workspace/datasets/cremad/AudioWAV/1001_ITS_ANG_XX.wav,cremad,angry,angry,0,0.7795716486019139,0.09742626502824885,0.11315539460682102,0.009846691763016268
/workspace/datasets/cremad/AudioWAV/1001_ITS_HAP_XX.wav,cremad,happy,angry,0,0.6653720392590146,0.19392507467268857,0.12743210740430563,0.013270778663991257
/workspace/datasets/cremad/AudioWAV/1001_ITS_NEU_XX.wav,cremad,neutral,angry,0,0.40700335553409395,0.34714368332570245,0.21247003590282448,0.033382925237379235
/workspace/datasets/cremad/AudioWAV/1001_ITS_SAD_XX.wav,cremad,sad,happy,1,0.2766008933814477,0.3489939313199202,0.2732643751281487,0.10114080017048331
/workspace/datasets/cremad/AudioWAV/1001_IWL_ANG_XX.wav,cremad,angry,angry,0,0.6714511518884569,0.18568110802864873,0.13409933951006636,0.008768400572827913
/workspace/datasets/cremad/AudioWAV/1001_IWL_HAP_XX.wav,cremad,happy,angry,0,0.7085329302166123,0.19983373817066258,0.0839169421311894,0.007716389481535897
/workspace/datasets/cremad/AudioWAV/1001_IWL_NEU_XX.wav,cremad,neutral,neutral,2,0.39747830947639556,0.28830952096396817,0.30183627672367636,0.012375892835959985
/workspace/datasets/cremad/AudioWAV/1001_IWL_SAD_XX.wav,cremad,sad,happy,1,0.18459146674949808,0.41350229070785915,0.3269674888025531,0.07493875374008949
/workspace/datasets/cremad/AudioWAV/1001_IWW_ANG_XX.wav,cremad,angry,angry,0,0.6791493058926862,0.09594973312699333,0.21055851020497507,0.014342450775345234
/workspace/datasets/cremad/AudioWAV/1001_IWW_HAP_XX.wav,cremad,happy,angry,0,0.6844360261456965,0.13031620892717458,0.1622373348929653,0.023010430034163348
/workspace/datasets/cremad/AudioWAV/1001_IWW_NEU_XX.wav,cremad,neutral,neutral,2,0.24621879987012774,0.3458695937087066,0.3683254917248662,0.039586114696299315
/workspace/datasets/cremad/AudioWAV/1001_IWW_SAD_XX.wav,cremad,sad,happy,1,0.2235706585747772,0.3900525398996504,0.24724505721074794,0.13913174431482425
/workspace/datasets/cremad/AudioWAV/1001_MTI_ANG_XX.wav,cremad,angry,angry,0,0.636199617781078,0.08549661518202753,0.2588360479031702,0.01946771913372398
/workspace/datasets/cremad/AudioWAV/1001_MTI_HAP_XX.wav,cremad,happy,angry,0,0.9006546249801102,0.06516613803366081,0.030405199479697047,0.0037740375065320932
/workspace/datasets/cremad/AudioWAV/1001_MTI_NEU_XX.wav,cremad,neutral,angry,0,0.600573749994163,0.13261208601945934,0.24887543512497357,0.01793872886140454
/workspace/datasets/cremad/AudioWAV/1001_MTI_SAD_XX.wav,cremad,sad,neutral,2,0.3338506192600645,0.18013760596624573,0.44213126170926825,0.04388051306442143
/workspace/datasets/cremad/AudioWAV/1001_TAI_ANG_XX.wav,cremad,angry,angry,0,0.654952022404838,0.22152338391092669,0.1111740515538692,0.0123505421303665
/workspace/datasets/cremad/AudioWAV/1001_TAI_HAP_XX.wav,cremad,happy,angry,0,0.5902332774106428,0.18595458159829464,0.20443600220389396,0.019376138787168814
/workspace/datasets/cremad/AudioWAV/1001_TAI_NEU_XX.wav,cremad,neutral,angry,0,0.47998159395452356,0.18486521573876483,0.3205726164026078,0.01458057390410397
/workspace/datasets/cremad/AudioWAV/1001_TAI_SAD_XX.wav,cremad,sad,happy,1,0.17572102864322858,0.41767030546732037,0.31819999725451975,0.08840866863493099
/workspace/datasets/cremad/AudioWAV/1001_TIE_ANG_XX.wav,cremad,angry,angry,0,0.6732073825859652,0.0889243256239872,0.22416026937450287,0.013708022415544743
/workspace/datasets/cremad/AudioWAV/1001_TIE_HAP_XX.wav,cremad,happy,angry,0,0.8434624301874367,0.05180446284995958,0.09997049950981926,0.004762607452784408
/workspace/datasets/cremad/AudioWAV/1001_TIE_NEU_XX.wav,cremad,neutral,angry,0,0.46992872323721396,0.15268108178129025,0.3467489014769774,0.03064129350451829
/workspace/datasets/cremad/AudioWAV/1001_TIE_SAD_XX.wav,cremad,sad,neutral,2,0.1312654040834685,0.2804953577243151,0.34247410178465804,0.24576513640755854
/workspace/datasets/cremad/AudioWAV/1001_TSI_ANG_XX.wav,cremad,angry,angry,0,0.4173322598699006,0.2280638334803136,0.3168438213177862,0.037760085331999343
/workspace/datasets/cremad/AudioWAV/1001_TSI_HAP_XX.wav,cremad,happy,neutral,2,0.3875152576997636,0.21386757099938633,0.35261157430742973,0.046005596993420605
/workspace/datasets/cremad/AudioWAV/1001_TSI_NEU_XX.wav,cremad,neutral,angry,0,0.43284185822237625,0.24325918669251778,0.2794529548099411,0.044446000275165286
/workspace/datasets/cremad/AudioWAV/1001_TSI_SAD_XX.wav,cremad,sad,happy,1,0.2605841714813353,0.4679142118279764,0.16431267473897698,0.10718894195171134
/workspace/datasets/cremad/AudioWAV/1001_WSI_ANG_XX.wav,cremad,angry,angry,0,0.8524137005775733,0.11880875782136392,0.024662813993745647,0.004114727607317149
/workspace/datasets/cremad/AudioWAV/1001_WSI_HAP_XX.wav,cremad,happy,angry,0,0.6927343199263342,0.12559334155848567,0.16065795604798494,0.021014382467195385
/workspace/datasets/cremad/AudioWAV/1001_WSI_NEU_XX.wav,cremad,neutral,angry,0,0.636286075010335,0.29732681177076126,0.060884948462934935,0.005502164755968604
/workspace/datasets/cremad/AudioWAV/1001_WSI_SAD_XX.wav,cremad,sad,angry,0,0.5525192983080363,0.18774764450556986,0.23904729076253275,0.02068576642386127
/workspace/datasets/cremad/AudioWAV/1002_DFA_ANG_XX.wav,cremad,angry,angry,0,0.45748336466293726,0.3366228450945285,0.1558243266174016,0.05006946362513266
/workspace/datasets/cremad/AudioWAV/1002_DFA_HAP_XX.wav,cremad,happy,angry,0,0.6326133343439516,0.21072844125065687,0.1088638001592134,0.047794424246178024
/workspace/datasets/cremad/AudioWAV/1002_DFA_NEU_XX.wav,cremad,neutral,happy,1,0.14472089035274144,0.36115845571192023,0.33562731569139326,0.158493338243945
/workspace/datasets/cremad/AudioWAV/1002_DFA_SAD_XX.wav,cremad,sad,sad,3,0.10856658962411696,0.31798877104357215,0.2807644148819916,0.2926802244503191
/workspace/datasets/cremad/AudioWAV/1002_IEO_ANG_HI.wav,cremad,angry,angry,0,0.760438519586271,0.14875132625398835,0.07255829793334671,0.01825185622639394
/workspace/datasets/cremad/AudioWAV/1002_IEO_ANG_LO.wav,cremad,angry,angry,0,0.45094690457093245,0.2598087924251556,0.24879202900161265,0.04045227400229916
/workspace/datasets/cremad/AudioWAV/1002_IEO_ANG_MD.wav,cremad,angry,angry,0,0.7546567353530937,0.14403970613551523,0.07548633657001141,0.025817221941380083
/workspace/datasets/cremad/AudioWAV/1002_IEO_HAP_HI.wav,cremad,happy,angry,0,0.5698553467706167,0.22159353723540948,0.18531428753142085,0.02323682846255296
/workspace/datasets/cremad/AudioWAV/1002_IEO_HAP_LO.wav,cremad,happy,neutral,2,0.20765043980285752,0.25548433595686454,0.3361285235206809,0.20073670071959643
/workspace/datasets/cremad/AudioWAV/1002_IEO_HAP_MD.wav,cremad,happy,angry,0,0.7657121842903861,0.0753047540947576,0.14516733690954023,0.013815724705316019
/workspace/datasets/cremad/AudioWAV/1002_IEO_NEU_XX.wav,cremad,neutral,happy,1,0.0974819830953339,0.332573642499778,0.2799920113757885,0.2899523630291
/workspace/datasets/cremad/AudioWAV/1002_IEO_SAD_HI.wav,cremad,sad,sad,3,0.060931251733826325,0.215874783306117,0.34507448403124025,0.37811948092881614
/workspace/datasets/cremad/AudioWAV/1002_IEO_SAD_LO.wav,cremad,sad,sad,3,0.11170795260930313,0.25957066615202934,0.30763142696123574,0.3210899542774321
/workspace/datasets/cremad/AudioWAV/1002_IEO_SAD_MD.wav,cremad,sad,sad,3,0.08560474156565637,0.21987732952456165,0.35232692360883117,0.34219100530095076
/workspace/datasets/cremad/AudioWAV/1002_IOM_ANG_XX.wav,cremad,angry,angry,0,0.6140825169380374,0.30199603180191154,0.05002390231230269,0.03389754894774836
/workspace/datasets/cremad/AudioWAV/1002_IOM_HAP_XX.wav,cremad,happy,happy,1,0.18891825260029213,0.5306257955037202,0.2450696705490003,0.0353862813469872
/workspace/datasets/cremad/AudioWAV/1002_IOM_NEU_XX.wav,cremad,neutral,happy,1,0.11529492561667332,0.5357850550488689,0.17114557552163107,0.17777444381282673
/workspace/datasets/cremad/AudioWAV/1002_IOM_SAD_XX.wav,cremad,sad,happy,1,0.13199132974991348,0.4895429678454208,0.28014881263229213,0.09831688977237336
/workspace/datasets/cremad/AudioWAV/1002_ITH_ANG_XX.wav,cremad,angry,angry,0,0.8673811224004786,0.09267328621845397,0.03638523078528541,0.0035603605957823616
/workspace/datasets/cremad/AudioWAV/1002_ITH_HAP_XX.wav,cremad,happy,angry,0,0.7625600642795426,0.1045426007786034,0.10684601030902556,0.026051324632828374
/workspace/datasets/cremad/AudioWAV/1002_ITH_NEU_XX.wav,cremad,neutral,happy,1,0.18697710321102265,0.2793029209308919,0.2601249545450191,0.27359502131306634
/workspace/datasets/cremad/AudioWAV/1002_ITH_SAD_XX.wav,cremad,sad,happy,1,0.3093948540875785,0.30631242139138837,0.226509543639878,0.15778318088115534
/workspace/datasets/cremad/AudioWAV/1002_ITS_ANG_XX.wav,cremad,angry,angry,0,0.5858021772782896,0.33978820573242957,0.06027973261183161,0.014129884377449362
/workspace/datasets/cremad/AudioWAV/1002_ITS_HAP_XX.wav,cremad,happy,angry,0,0.7486858944667282,0.11185761692541979,0.1231578407724649,0.016298647835387457
/workspace/datasets/cremad/AudioWAV/1002_ITS_NEU_XX.wav,cremad,neutral,happy,1,0.15014968074573823,0.3842722539715757,0.25725770999495373,0.20832035528773238
/workspace/datasets/cremad/AudioWAV/1002_ITS_SAD_XX.wav,cremad,sad,sad,3,0.13711081198407055,0.36002362799130305,0.1865165126955055,0.31634904732912067
/workspace/datasets/cremad/AudioWAV/1002_IWL_ANG_XX.wav,cremad,angry,happy,1,0.4197363483552269,0.4275980370267737,0.14701259478287942,0.005653019835120118
/workspace/datasets/cremad/AudioWAV/1002_IWL_HAP_XX.wav,cremad,happy,angry,0,0.6201526419566662,0.2633601035184363,0.10256797855208724,0.013919275972810447
/workspace/datasets/cremad/AudioWAV/1002_IWL_NEU_XX.wav,cremad,neutral,happy,1,0.21993572226560815,0.28074143819461156,0.2580145335567572,0.24130830598302327
/workspace/datasets/cremad/AudioWAV/1002_IWL_SAD_XX.wav,cremad,sad,happy,1,0.08087802986101643,0.5204133188505432,0.24082437199440132,0.1578842792940394
/workspace/datasets/cremad/AudioWAV/1002_IWW_ANG_XX.wav,cremad,angry,angry,0,0.8370325170743343,0.07055315949178147,0.0858390603139809,0.00657526311990321
/workspace/datasets/cremad/AudioWAV/1002_IWW_HAP_XX.wav,cremad,happy,angry,0,0.6702522083480347,0.25507923495815876,0.06359037247403149,0.011078184219775104
/workspace/datasets/cremad/AudioWAV/1002_IWW_NEU_XX.wav,cremad,neutral,happy,1,0.2171052908159999,0.27782067015632067,0.2411068583740029,0.2639671806536765
/workspace/datasets/cremad/AudioWAV/1002_IWW_SAD_XX.wav,cremad,sad,neutral,2,0.12175950547154818,0.2545227729250324,0.4204781060862381,0.20323961551718175
/workspace/datasets/cremad/AudioWAV/1002_MTI_ANG_XX.wav,cremad,angry,angry,0,0.6329233480433929,0.14065765325534751,0.2140059583008337,0.012413040400425674
/workspace/datasets/cremad/AudioWAV/1002_MTI_HAP_XX.wav,cremad,happy,angry,0,0.6474789797860664,0.23040534712759922,0.09654373088303418,0.02557194220330012
/workspace/datasets/cremad/AudioWAV/1002_MTI_NEU_XX.wav,cremad,neutral,happy,1,0.14893394055166095,0.43009037315779164,0.2767722263753485,0.1442034599151989
/workspace/datasets/cremad/AudioWAV/1002_MTI_SAD_XX.wav,cremad,sad,happy,1,0.19355974838864165,0.3702349042950471,0.3016471026937133,0.13455824462259777
/workspace/datasets/cremad/AudioWAV/1002_TAI_ANG_XX.wav,cremad,angry,angry,0,0.5339357945719553,0.23343887152312467,0.2060348675960914,0.026590466308828324
/workspace/datasets/cremad/AudioWAV/1002_TAI_HAP_XX.wav,cremad,happy,angry,0,0.8033267130833962,0.12707928616927575,0.05651317971357521,0.013080821033752785
/workspace/datasets/cremad/AudioWAV/1002_TAI_NEU_XX.wav,cremad,neutral,happy,1,0.1429491959638411,0.4219899734789096,0.1665629156689201,0.26849791488832947
/workspace/datasets/cremad/AudioWAV/1002_TAI_SAD_XX.wav,cremad,sad,neutral,2,0.20887044393111437,0.2622866788624169,0.3946291374004577,0.13421373980601134
/workspace/datasets/cremad/AudioWAV/1002_TIE_ANG_XX.wav,cremad,angry,angry,0,0.8514990838123747,0.1005725876733254,0.036969480308014384,0.010958848206285642
/workspace/datasets/cremad/AudioWAV/1002_TIE_HAP_XX.wav,cremad,happy,angry,0,0.711757215050507,0.18751083095437698,0.07163249374942139,0.029099460245694774
/workspace/datasets/cremad/AudioWAV/1002_TIE_SAD_XX.wav,cremad,sad,angry,0,0.6908763190150693,0.1547188426119243,0.14318539431267396,0.01121944406033233
/workspace/datasets/cremad/AudioWAV/1002_TSI_ANG_XX.wav,cremad,angry,angry,0,0.4402643107611071,0.2623563042729216,0.2490751188849323,0.04830426608103901
/workspace/datasets/cremad/AudioWAV/1002_TSI_HAP_XX.wav,cremad,happy,angry,0,0.39778017858589065,0.29755003913492206,0.2583121262933945,0.04635765598579308
/workspace/datasets/cremad/AudioWAV/1002_TSI_NEU_XX.wav,cremad,neutral,happy,1,0.36034591787793063,0.3057928576763161,0.1839201739746581,0.14994105047109527
/workspace/datasets/cremad/AudioWAV/1002_TSI_SAD_XX.wav,cremad,sad,happy,1,0.33483649985972314,0.30412986637565503,0.20750059910601107,0.1535330346586107
/workspace/datasets/cremad/AudioWAV/1002_WSI_ANG_XX.wav,cremad,angry,angry,0,0.7618361568013757,0.1382529555990966,0.08160411916456732,0.018306768434960305
/workspace/datasets/cremad/AudioWAV/1002_WSI_HAP_XX.wav,cremad,happy,angry,0,0.6527246822409677,0.15597998770750035,0.1658258872777521,0.025469442773780104
/workspace/datasets/cremad/AudioWAV/1002_WSI_NEU_XX.wav,cremad,neutral,angry,0,0.45380426321538975,0.3040546778334363,0.15290473222763848,0.08923632672353558
/workspace/datasets/cremad/AudioWAV/1002_WSI_SAD_XX.wav,cremad,sad,angry,0,0.3283031587291219,0.30214879065686306,0.19031184389080408,0.17923620672321106
/workspace/datasets/cremad/AudioWAV/1003_DFA_ANG_XX.wav,cremad,angry,angry,0,0.7199012478991771,0.18715748651903713,0.07447459288907274,0.01846667269271317
/workspace/datasets/cremad/AudioWAV/1003_DFA_HAP_XX.wav,cremad,happy,angry,0,0.42660157319175357,0.2551522251503079,0.2819119695798264,0.03633423207811239
/workspace/datasets/cremad/AudioWAV/1003_DFA_NEU_XX.wav,cremad,neutral,angry,0,0.6498639267386712,0.1142488138264919,0.19913315965808887,0.036754099776748275
/workspace/datasets/cremad/AudioWAV/1003_DFA_SAD_XX.wav,cremad,sad,happy,1,0.09371077673360578,0.35023245976795225,0.25262847734680766,0.30342828615163425
/workspace/datasets/cremad/AudioWAV/1003_IEO_ANG_HI.wav,cremad,angry,angry,0,0.4598036981101179,0.368901634471546,0.14599400289165365,0.025300664526682438
/workspace/datasets/cremad/AudioWAV/1003_IEO_ANG_LO.wav,cremad,angry,angry,0,0.3853600828319092,0.27335232360564143,0.26092616147007003,0.08036143209237978
/workspace/datasets/cremad/AudioWAV/1003_IEO_ANG_MD.wav,cremad,angry,angry,0,0.46736594564111217,0.37100680897285365,0.10244299652673794,0.0591842488592963
/workspace/datasets/cremad/AudioWAV/1003_IEO_HAP_HI.wav,cremad,happy,angry,0,0.5117050543989803,0.15524620959124644,0.3176379700459647,0.015410765963808498
/workspace/datasets/cremad/AudioWAV/1003_IEO_HAP_LO.wav,cremad,happy,happy,1,0.17782379087054254,0.3981459718835849,0.2555052153037179,0.16852502194215477
/workspace/datasets/cremad/AudioWAV/1003_IEO_HAP_MD.wav,cremad,happy,happy,1,0.3596095045895574,0.42881586762809737,0.19137668091924903,0.020197946863096033
/workspace/datasets/cremad/AudioWAV/1003_IEO_NEU_XX.wav,cremad,neutral,happy,1,0.1508714371650372,0.46906951487506865,0.29177224260368334,0.0882868053562108
/workspace/datasets/cremad/AudioWAV/1003_IEO_SAD_HI.wav,cremad,sad,sad,3,0.04666385542116643,0.19561168685478586,0.24549874402580765,0.51222571369824
/workspace/datasets/cremad/AudioWAV/1003_IEO_SAD_LO.wav,cremad,sad,sad,3,0.04087103766868434,0.23875874175623787,0.27619935655420164,0.4441708640208762
/workspace/datasets/cremad/AudioWAV/1003_IEO_SAD_MD.wav,cremad,sad,sad,3,0.05152707577339924,0.23769299440063396,0.3006986996673049,0.4100812301586619
/workspace/datasets/cremad/AudioWAV/1003_IOM_ANG_XX.wav,cremad,angry,happy,1,0.379273242521373,0.5051206865374201,0.10423878379048077,0.011367287150725765
/workspace/datasets/cremad/AudioWAV/1003_IOM_HAP_XX.wav,cremad,happy,neutral,2,0.24308528772857282,0.39256625087793046,0.34924418581974537,0.015104275573751385
/workspace/datasets/cremad/AudioWAV/1003_IOM_NEU_XX.wav,cremad,neutral,angry,0,0.5398129539852573,0.14646947242290376,0.3012344721032826,0.012483101488556391
/workspace/datasets/cremad/AudioWAV/1003_IOM_SAD_XX.wav,cremad,sad,sad,3,0.06022752832894514,0.3188599658324799,0.24433062190197274,0.3765818839366022
/workspace/datasets/cremad/AudioWAV/1003_ITH_ANG_XX.wav,cremad,angry,angry,0,0.6055878358350106,0.3024739819794912,0.07570381122829745,0.01623437095720055
/workspace/datasets/cremad/AudioWAV/1003_ITH_HAP_XX.wav,cremad,happy,angry,0,0.4788440199984037,0.41589296571124634,0.08430550287919106,0.020957511411158626
/workspace/datasets/cremad/AudioWAV/1003_ITH_NEU_XX.wav,cremad,neutral,neutral,2,0.3732056589701281,0.19680838728852587,0.4181571702539677,0.011828783487378168
/workspace/datasets/cremad/AudioWAV/1003_ITH_SAD_XX.wav,cremad,sad,happy,1,0.1482372403174255,0.5312770038241446,0.17801478022127154,0.1424709756371583
/workspace/datasets/cremad/AudioWAV/1003_ITS_ANG_XX.wav,cremad,angry,angry,0,0.7922385683080171,0.14288172119012527,0.0445125016792146,0.02036720882264321
/workspace/datasets/cremad/AudioWAV/1003_ITS_HAP_XX.wav,cremad,happy,angry,0,0.5504261203808929,0.24824306433994742,0.1606161366675479,0.04071467861161172
/workspace/datasets/cremad/AudioWAV/1003_ITS_NEU_XX.wav,cremad,neutral,happy,1,0.09154843570963964,0.4187991664312903,0.31364518756840337,0.17600721029066665
/workspace/datasets/cremad/AudioWAV/1003_ITS_SAD_XX.wav,cremad,sad,sad,3,0.07471515159172361,0.3116765626361141,0.16677740056233925,0.44683088520982317
/workspace/datasets/cremad/AudioWAV/1003_IWL_ANG_XX.wav,cremad,angry,angry,0,0.6348389532044546,0.33633698210066737,0.017625572567664907,0.011198492127213345
/workspace/datasets/cremad/AudioWAV/1003_IWL_HAP_XX.wav,cremad,happy,happy,1,0.25223854755391706,0.6399327640381204,0.10352078666305853,0.0043079017449039435
/workspace/datasets/cremad/AudioWAV/1003_IWL_NEU_XX.wav,cremad,neutral,happy,1,0.33801644016867116,0.5542771144189853,0.09436191774805916,0.013344527664284445
/workspace/datasets/cremad/AudioWAV/1003_IWL_SAD_XX.wav,cremad,sad,happy,1,0.12282661322718635,0.4172216612341854,0.30819302305369595,0.1517587024849322
/workspace/datasets/cremad/AudioWAV/1003_IWW_ANG_XX.wav,cremad,angry,happy,1,0.30624839085906425,0.6379897672691051,0.045440628004910354,0.010321213866920377
/workspace/datasets/cremad/AudioWAV/1003_IWW_HAP_XX.wav,cremad,happy,angry,0,0.5123198625453023,0.26436864456889053,0.20098056537249281,0.02233092751331465
/workspace/datasets/cremad/AudioWAV/1003_IWW_NEU_XX.wav,cremad,neutral,neutral,2,0.1637756696868733,0.3094524249303443,0.4277151382787957,0.09905676710398657
/workspace/datasets/cremad/AudioWAV/1003_IWW_SAD_XX.wav,cremad,sad,neutral,2,0.05010468429351662,0.14275545656975822,0.4284262112814202,0.3787136478553046
/workspace/datasets/cremad/AudioWAV/1003_MTI_ANG_XX.wav,cremad,angry,angry,0,0.6718380570516076,0.20868695011304875,0.08913599636884334,0.030338996466500352
/workspace/datasets/cremad/AudioWAV/1003_MTI_HAP_XX.wav,cremad,happy,neutral,2,0.3353513447281355,0.22373236097560065,0.4277280459422302,0.013188248354033613
/workspace/datasets/cremad/AudioWAV/1003_MTI_NEU_XX.wav,cremad,neutral,happy,1,0.19966913625510072,0.44909267206189435,0.28178937790976977,0.06944881377323461
/workspace/datasets/cremad/AudioWAV/1003_MTI_SAD_XX.wav,cremad,sad,happy,1,0.1269113346634758,0.43518984823372864,0.29361600671169746,0.14428281039109825
/workspace/datasets/cremad/AudioWAV/1003_TAI_ANG_XX.wav,cremad,angry,angry,0,0.652675886022971,0.24610328283275115,0.08182227253966715,0.019398558604610594
/workspace/datasets/cremad/AudioWAV/1003_TAI_HAP_XX.wav,cremad,happy,angry,0,0.6689047369863188,0.10467922761219338,0.21597414305317755,0.010441892348310122
/workspace/datasets/cremad/AudioWAV/1003_TAI_NEU_XX.wav,cremad,neutral,neutral,2,0.40617479632533915,0.12020482761179678,0.45753123785250893,0.01608913821035546
/workspace/datasets/cremad/AudioWAV/1003_TAI_SAD_XX.wav,cremad,sad,neutral,2,0.24744697471774046,0.14721572025883378,0.554647539380118,0.05068976564330778
/workspace/datasets/cremad/AudioWAV/1003_TIE_ANG_XX.wav,cremad,angry,angry,0,0.8825860473061994,0.08027007226984643,0.029972852667289177,0.007171027756664867
/workspace/datasets/cremad/AudioWAV/1003_TIE_HAP_XX.wav,cremad,happy,neutral,2,0.26228823234104665,0.35504494502359524,0.3415542989595436,0.0411125236758145
/workspace/datasets/cremad/AudioWAV/1003_TIE_NEU_XX.wav,cremad,neutral,neutral,2,0.4665065812179494,0.09657662070679915,0.4025456145336838,0.034371183541567624
/workspace/datasets/cremad/AudioWAV/1003_TIE_SAD_XX.wav,cremad,sad,happy,1,0.1768268699324929,0.37677489555764077,0.1488608588824456,0.29753737562742055
/workspace/datasets/cremad/AudioWAV/1003_TSI_ANG_XX.wav,cremad,angry,angry,0,0.40346431810488675,0.3685025169561658,0.17140179108610268,0.056631373852844974
/workspace/datasets/cremad/AudioWAV/1003_TSI_HAP_XX.wav,cremad,happy,happy,1,0.2007736037659145,0.3375482913781169,0.3192269383386118,0.1424511665173566
/workspace/datasets/cremad/AudioWAV/1003_TSI_NEU_XX.wav,cremad,neutral,neutral,2,0.1306880091312991,0.35268390763469265,0.38003293918399245,0.13659514405001544
/workspace/datasets/cremad/AudioWAV/1003_TSI_SAD_XX.wav,cremad,sad,neutral,2,0.13912980630139993,0.2914133194945791,0.37843610738506406,0.19102076681895686
/workspace/datasets/cremad/AudioWAV/1003_WSI_ANG_XX.wav,cremad,angry,angry,0,0.793155947807845,0.16126185232393953,0.03546486785611817,0.01011733201209716
/workspace/datasets/cremad/AudioWAV/1003_WSI_HAP_XX.wav,cremad,happy,happy,1,0.43227517794005116,0.39089655637873694,0.1569915960881908,0.019836669593021095
/workspace/datasets/cremad/AudioWAV/1003_WSI_NEU_XX.wav,cremad,neutral,happy,1,0.23021207993008633,0.3903427632241172,0.28219037081725235,0.0972547860285441
/workspace/datasets/cremad/AudioWAV/1003_WSI_SAD_XX.wav,cremad,sad,happy,1,0.1257870652020228,0.35342957996275487,0.2924182747936997,0.2283650800415226
/workspace/datasets/cremad/AudioWAV/1004_DFA_ANG_XX.wav,cremad,angry,angry,0,0.8490978158393088,0.0928599090136546,0.05017157084564017,0.00787070430139638
/workspace/datasets/cremad/AudioWAV/1004_DFA_HAP_XX.wav,cremad,happy,happy,1,0.3349403289594172,0.3601016498835267,0.27156810131238995,0.033389919844665904
/workspace/datasets/cremad/AudioWAV/1004_DFA_NEU_XX.wav,cremad,neutral,angry,0,0.5668657346156784,0.21330280137817562,0.16947564885076133,0.05035581515538479
/workspace/datasets/cremad/AudioWAV/1004_DFA_SAD_XX.wav,cremad,sad,sad,3,0.16175923782886434,0.26805134392359736,0.2747013752892116,0.29548804295832715
/workspace/datasets/cremad/AudioWAV/1004_IEO_ANG_HI.wav,cremad,angry,angry,0,0.6399288273926876,0.2342504975672218,0.09091332118475487,0.03490735385533564
/workspace/datasets/cremad/AudioWAV/1004_IEO_ANG_LO.wav,cremad,angry,angry,0,0.7398376977302746,0.12627570655719803,0.10241540612987836,0.031471189582649134
/workspace/datasets/cremad/AudioWAV/1004_IEO_ANG_MD.wav,cremad,angry,angry,0,0.5211911068162189,0.3543666283870248,0.08933089345270141,0.03511137134405484
/workspace/datasets/cremad/AudioWAV/1004_IEO_HAP_HI.wav,cremad,happy,angry,0,0.6034746793975311,0.2864442923996336,0.07567972197315141,0.0344013062296842
/workspace/datasets/cremad/AudioWAV/1004_IEO_HAP_LO.wav,cremad,happy,happy,1,0.26259120676386427,0.3931492809990182,0.2245094278729484,0.1197500843641692
/workspace/datasets/cremad/AudioWAV/1004_IEO_HAP_MD.wav,cremad,happy,angry,0,0.7827429580248948,0.14038091628626215,0.07071260769527246,0.006163517993570429
/workspace/datasets/cremad/AudioWAV/1004_IEO_NEU_XX.wav,cremad,neutral,neutral,2,0.2361622104773288,0.3076472609476263,0.34214087708124474,0.11404965149380009
/workspace/datasets/cremad/AudioWAV/1004_IEO_SAD_HI.wav,cremad,sad,sad,3,0.05892196285433283,0.38185238761590756,0.1618226758625162,0.39740297366724336
/workspace/datasets/cremad/AudioWAV/1004_IEO_SAD_LO.wav,cremad,sad,sad,3,0.07114517766396143,0.2628977317540719,0.2292898337595807,0.4366672568223858
/workspace/datasets/cremad/AudioWAV/1004_IEO_SAD_MD.wav,cremad,sad,sad,3,0.11197972519745823,0.25926095604807575,0.2305198499390319,0.39823946881543415
/workspace/datasets/cremad/AudioWAV/1004_IOM_ANG_XX.wav,cremad,angry,angry,0,0.8421476835923362,0.07103736492550711,0.07711659758033021,0.009698353901826266
/workspace/datasets/cremad/AudioWAV/1004_IOM_HAP_XX.wav,cremad,happy,angry,0,0.6549087260342811,0.19623196684663285,0.13279101695649853,0.01606829016258761
/workspace/datasets/cremad/AudioWAV/1004_IOM_NEU_XX.wav,cremad,neutral,sad,3,0.14821556636452443,0.35255364561636043,0.18272599727575453,0.31650479074336063
/workspace/datasets/cremad/AudioWAV/1004_IOM_SAD_XX.wav,cremad,sad,happy,1,0.07934603240056058,0.45736591699585144,0.17717609472345636,0.28611195588013155
/workspace/datasets/cremad/AudioWAV/1004_ITH_ANG_XX.wav,cremad,angry,angry,0,0.7439069734722255,0.1328037672950644,0.10842780577186817,0.014861453460841726
/workspace/datasets/cremad/AudioWAV/1004_ITH_HAP_XX.wav,cremad,happy,happy,1,0.3186589879690635,0.37938824119535364,0.2122591284560594,0.0896936423795234
/workspace/datasets/cremad/AudioWAV/1004_ITH_NEU_XX.wav,cremad,neutral,angry,0,0.5072627296101999,0.28763918996117954,0.11259466497125786,0.09250341545736276
/workspace/datasets/cremad/AudioWAV/1004_ITH_SAD_XX.wav,cremad,sad,sad,3,0.06569447887683924,0.3493792636305566,0.21639694634880158,0.3685293111438024
/workspace/datasets/cremad/AudioWAV/1004_ITS_ANG_XX.wav,cremad,angry,angry,0,0.7678849229611424,0.1439231274164436,0.06397244929479888,0.024219500327615058
/workspace/datasets/cremad/AudioWAV/1004_ITS_HAP_XX.wav,cremad,happy,happy,1,0.3419533360195418,0.4030039047226136,0.12156703844653116,0.13347572081131337
/workspace/datasets/cremad/AudioWAV/1004_ITS_NEU_XX.wav,cremad,neutral,angry,0,0.4813469341970156,0.28247614044836517,0.19174194979854897,0.04443497555607028
/workspace/datasets/cremad/AudioWAV/1004_ITS_SAD_XX.wav,cremad,sad,sad,3,0.11986708755087401,0.27091351351514054,0.20614618930720652,0.4030732096267792
/workspace/datasets/cremad/AudioWAV/1004_IWL_ANG_XX.wav,cremad,angry,angry,0,0.9293043670935478,0.05457912603771852,0.013790241841959665,0.0023262650267741043
/workspace/datasets/cremad/AudioWAV/1004_IWL_HAP_XX.wav,cremad,happy,happy,1,0.271704070923167,0.5796485335106767,0.12832339208306656,0.02032400348308987
/workspace/datasets/cremad/AudioWAV/1004_IWL_NEU_XX.wav,cremad,neutral,happy,1,0.223636416830372,0.5156869043060218,0.23515517819996154,0.025521500663644534
/workspace/datasets/cremad/AudioWAV/1004_IWL_SAD_XX.wav,cremad,sad,angry,0,0.5972522809213324,0.2905752207179079,0.08223032622127224,0.029942172139487386
/workspace/datasets/cremad/AudioWAV/1004_IWW_ANG_XX.wav,cremad,angry,angry,0,0.7769472565295215,0.04482919679585383,0.16529349733655682,0.012930049338067955
/workspace/datasets/cremad/AudioWAV/1004_IWW_HAP_XX.wav,cremad,happy,happy,1,0.12031367951463827,0.4240934977379844,0.24471152809242863,0.21088129465494862
/workspace/datasets/cremad/AudioWAV/1004_IWW_NEU_XX.wav,cremad,neutral,neutral,2,0.17683546588214955,0.32826322012064796,0.3120783612860071,0.1828229527111954
/workspace/datasets/cremad/AudioWAV/1004_IWW_SAD_XX.wav,cremad,sad,sad,3,0.09445392171826301,0.28232824365276427,0.23538442958133515,0.3878334050476376
/workspace/datasets/cremad/AudioWAV/1004_MTI_ANG_XX.wav,cremad,angry,angry,0,0.8500912871765274,0.1042808241272153,0.03643864158367568,0.009189247112581678
/workspace/datasets/cremad/AudioWAV/1004_MTI_HAP_XX.wav,cremad,happy,happy,1,0.17554024847363536,0.3369984491224136,0.30790225072415767,0.1795590516797934
/workspace/datasets/cremad/AudioWAV/1004_MTI_NEU_XX.wav,cremad,neutral,happy,1,0.16987434115017436,0.434567257789184,0.3162494347921213,0.07930896626852038
/workspace/datasets/cremad/AudioWAV/1004_MTI_SAD_XX.wav,cremad,sad,sad,3,0.10779266190164197,0.30150157545906553,0.24538342794235318,0.34532233469693957
/workspace/datasets/cremad/AudioWAV/1004_TAI_ANG_XX.wav,cremad,angry,angry,0,0.8669934026051921,0.04382836818410047,0.0748869806234254,0.01429124858728197
/workspace/datasets/cremad/AudioWAV/1004_TAI_HAP_XX.wav,cremad,happy,happy,1,0.2725676172679003,0.322579497291073,0.2557982555379883,0.14905462990303844
/workspace/datasets/cremad/AudioWAV/1004_TAI_NEU_XX.wav,cremad,neutral,happy,1,0.2818282867785282,0.36309464458765106,0.26855465207774587,0.08652241655607518
/workspace/datasets/cremad/AudioWAV/1004_TAI_SAD_XX.wav,cremad,sad,neutral,2,0.14879524423647175,0.2539740364617634,0.2980882914327929,0.299142427868972
/workspace/datasets/cremad/AudioWAV/1004_TIE_ANG_XX.wav,cremad,angry,angry,0,0.9355171063424644,0.048272743362539575,0.010739957217637224,0.005470193077358945
/workspace/datasets/cremad/AudioWAV/1004_TIE_HAP_XX.wav,cremad,happy,angry,0,0.8031967112568653,0.13345719068410042,0.05966156173554369,0.003684536323490917
/workspace/datasets/cremad/AudioWAV/1004_TIE_NEU_XX.wav,cremad,neutral,neutral,2,0.32840146140732407,0.21547877579284122,0.31780430617474353,0.138315456625091
/workspace/datasets/cremad/AudioWAV/1004_TIE_SAD_XX.wav,cremad,sad,sad,3,0.1141794040180349,0.32582323728443136,0.24647013320173658,0.31352722549579737
/workspace/datasets/cremad/AudioWAV/1004_TSI_ANG_XX.wav,cremad,angry,angry,0,0.6464973938316065,0.17601868107533483,0.14731076024047723,0.030173164852581282
/workspace/datasets/cremad/AudioWAV/1004_TSI_HAP_XX.wav,cremad,happy,angry,0,0.5188278618625152,0.2550292277045645,0.19098076202402786,0.03516214840889227
/workspace/datasets/cremad/AudioWAV/1004_TSI_NEU_XX.wav,cremad,neutral,angry,0,0.4955324986205868,0.23139841455352073,0.23153280784364483,0.041536278982247564
/workspace/datasets/cremad/AudioWAV/1004_TSI_SAD_XX.wav,cremad,sad,happy,1,0.2582265805557003,0.2775121558697263,0.25570362100072047,0.20855764257385337
/workspace/datasets/cremad/AudioWAV/1004_WSI_ANG_XX.wav,cremad,angry,angry,0,0.8842754577197105,0.08380599323058335,0.02161142268149424,0.010307126368212044
/workspace/datasets/cremad/AudioWAV/1004_WSI_HAP_XX.wav,cremad,happy,angry,0,0.8779053230023857,0.08506921932063147,0.024783843301750794,0.012241614375232029
/workspace/datasets/cremad/AudioWAV/1004_WSI_NEU_XX.wav,cremad,neutral,angry,0,0.756434851182472,0.0983594805907203,0.13128990383745903,0.013915764389348294
/workspace/datasets/cremad/AudioWAV/1004_WSI_SAD_XX.wav,cremad,sad,sad,3,0.10136920488414361,0.3195656668633768,0.16192638201197945,0.4171387462405
/workspace/datasets/cremad/AudioWAV/1005_DFA_ANG_XX.wav,cremad,angry,angry,0,0.692387789497993,0.20048621270052047,0.07987914561418497,0.027246852187302
/workspace/datasets/cremad/AudioWAV/1005_DFA_HAP_XX.wav,cremad,happy,angry,0,0.6357357295848576,0.23848218981701563,0.11464221261568404,0.011139867982442604
/workspace/datasets/cremad/AudioWAV/1005_DFA_NEU_XX.wav,cremad,neutral,angry,0,0.5385262386698517,0.1818727467807949,0.2644566924286321,0.015144322120721422
/workspace/datasets/cremad/AudioWAV/1005_DFA_SAD_XX.wav,cremad,sad,happy,1,0.15210159135146403,0.46020103018965575,0.28652812888832896,0.10116924957055154
/workspace/datasets/cremad/AudioWAV/1005_IEO_ANG_HI.wav,cremad,angry,angry,0,0.59985917616096,0.23566965222179695,0.11459906665965484,0.049872104957588266
/workspace/datasets/cremad/AudioWAV/1005_IEO_ANG_LO.wav,cremad,angry,neutral,2,0.2612445969698939,0.079913704902324,0.6156986832639625,0.043143014863819905
/workspace/datasets/cremad/AudioWAV/1005_IEO_ANG_MD.wav,cremad,angry,angry,0,0.7621649162295293,0.09746380416573693,0.11367257129433816,0.02669870831039569
/workspace/datasets/cremad/AudioWAV/1005_IEO_HAP_HI.wav,cremad,happy,angry,0,0.4303421205250494,0.27762558512179053,0.25989039938138553,0.0321418949717747
/workspace/datasets/cremad/AudioWAV/1005_IEO_HAP_LO.wav,cremad,happy,happy,1,0.23099174755077373,0.2825625287418495,0.23932434318103188,0.24712138052634508
/workspace/datasets/cremad/AudioWAV/1005_IEO_HAP_MD.wav,cremad,happy,angry,0,0.3339783440385524,0.2967856503586703,0.28400842639235535,0.08522757921042214
/workspace/datasets/cremad/AudioWAV/1005_IEO_NEU_XX.wav,cremad,neutral,sad,3,0.17103204384161688,0.26595390381239914,0.22831655541552576,0.3346974969304585
/workspace/datasets/cremad/AudioWAV/1005_IEO_SAD_HI.wav,cremad,sad,happy,1,0.15756234959365317,0.3850810144059059,0.2924781784611418,0.16487845753929928
/workspace/datasets/cremad/AudioWAV/1005_IEO_SAD_LO.wav,cremad,sad,sad,3,0.0612300186475721,0.2518704717614243,0.31294377238046345,0.37395573721053993
/workspace/datasets/cremad/AudioWAV/1005_IEO_SAD_MD.wav,cremad,sad,happy,1,0.166655318863209,0.39644189020949644,0.2732905599235543,0.1636122310037406
/workspace/datasets/cremad/AudioWAV/1005_IOM_ANG_XX.wav,cremad,angry,angry,0,0.5135648154301461,0.438053500934586,0.03797617538791577,0.010405508247352011
/workspace/datasets/cremad/AudioWAV/1005_IOM_HAP_XX.wav,cremad,happy,happy,1,0.17546822207012291,0.5063248226543579,0.2863439841417953,0.03186297113372404
/workspace/datasets/cremad/AudioWAV/1005_IOM_NEU_XX.wav,cremad,neutral,neutral,2,0.06275523284406302,0.3893190136075847,0.423309883096032,0.12461587045232048
/workspace/datasets/cremad/AudioWAV/1005_IOM_SAD_XX.wav,cremad,sad,happy,1,0.06670850224975804,0.42826465420529874,0.2671753989741264,0.23785144457081697
/workspace/datasets/cremad/AudioWAV/1005_ITH_ANG_XX.wav,cremad,angry,angry,0,0.8157378767915792,0.11206265674216531,0.06599654730061835,0.006202919165637035
/workspace/datasets/cremad/AudioWAV/1005_ITH_HAP_XX.wav,cremad,happy,happy,1,0.46615387669220393,0.420487643234043,0.10072369096146343,0.01263478911228972
/workspace/datasets/cremad/AudioWAV/1005_ITH_NEU_XX.wav,cremad,neutral,happy,1,0.2896836298740461,0.5088931306809369,0.18645662593103485,0.014966613513982511
/workspace/datasets/cremad/AudioWAV/1005_ITH_SAD_XX.wav,cremad,sad,happy,1,0.3600369567537716,0.3759057742850465,0.19849295140762382,0.065564317553558
/workspace/datasets/cremad/AudioWAV/1005_ITS_ANG_XX.wav,cremad,angry,angry,0,0.7596859935179769,0.19706965061347134,0.03183986080957898,0.011404495058972624
/workspace/datasets/cremad/AudioWAV/1005_ITS_HAP_XX.wav,cremad,happy,angry,0,0.7291604315160268,0.20642142461342358,0.039880762572446875,0.02453738129810233
/workspace/datasets/cremad/AudioWAV/1005_ITS_NEU_XX.wav,cremad,neutral,angry,0,0.6568832798335652,0.19640814923601044,0.133535170955852,0.01317339997457256
/workspace/datasets/cremad/AudioWAV/1005_ITS_SAD_XX.wav,cremad,sad,neutral,2,0.37094797703870214,0.2533016522965598,0.3542407775780787,0.021509593086659375
/workspace/datasets/cremad/AudioWAV/1005_IWL_ANG_XX.wav,cremad,angry,angry,0,0.5401371561801014,0.41732703057403187,0.03855648171295488,0.003979331532911779
/workspace/datasets/cremad/AudioWAV/1005_IWL_HAP_XX.wav,cremad,happy,happy,1,0.33539292079159366,0.5678259500940604,0.08132385069998875,0.015457278414357048
/workspace/datasets/cremad/AudioWAV/1005_IWL_NEU_XX.wav,cremad,neutral,happy,1,0.1899124915373226,0.4737327753726932,0.28630320737619813,0.050051525713786064
/workspace/datasets/cremad/AudioWAV/1005_IWL_SAD_XX.wav,cremad,sad,happy,1,0.08463010123687703,0.42595760162634094,0.2731835738266072,0.2162287233101746
/workspace/datasets/cremad/AudioWAV/1005_IWW_ANG_XX.wav,cremad,angry,happy,1,0.4062520959057703,0.40917709410845177,0.11358046981595575,0.07099034016982214
/workspace/datasets/cremad/AudioWAV/1005_IWW_HAP_XX.wav,cremad,happy,happy,1,0.2895974615530482,0.43660529755915595,0.19478691960573374,0.0790103212820622
/workspace/datasets/cremad/AudioWAV/1005_IWW_NEU_XX.wav,cremad,neutral,happy,1,0.2318763046212051,0.47376966139027643,0.22209286787141855,0.0722611661170999
/workspace/datasets/cremad/AudioWAV/1005_IWW_SAD_XX.wav,cremad,sad,neutral,2,0.13123316552361028,0.2876385771073591,0.4110271862190716,0.1701010711499591
/workspace/datasets/cremad/AudioWAV/1005_MTI_ANG_XX.wav,cremad,angry,angry,0,0.7063660131161147,0.15724825404143025,0.12858089266018974,0.0078048401822649075
/workspace/datasets/cremad/AudioWAV/1005_MTI_HAP_XX.wav,cremad,happy,angry,0,0.7289800709894676,0.15638288873054146,0.10588387340590476,0.008753166874086258
/workspace/datasets/cremad/AudioWAV/1005_MTI_NEU_XX.wav,cremad,neutral,neutral,2,0.06726209062255656,0.3060951629797569,0.4754390380376346,0.15120370836005192
/workspace/datasets/cremad/AudioWAV/1005_MTI_SAD_XX.wav,cremad,sad,neutral,2,0.15647009979110169,0.35741354192947594,0.44064034628779297,0.04547601199162947
/workspace/datasets/cremad/AudioWAV/1005_TAI_ANG_XX.wav,cremad,angry,happy,1,0.39842106197184796,0.48183084942276766,0.10626709702911098,0.013480991576273388
/workspace/datasets/cremad/AudioWAV/1005_TAI_HAP_XX.wav,cremad,happy,happy,1,0.13422931010116188,0.553155999138076,0.2265545853076379,0.08606010545312417
/workspace/datasets/cremad/AudioWAV/1005_TAI_NEU_XX.wav,cremad,neutral,happy,1,0.10633209788404185,0.33605987119741804,0.29954916957426264,0.2580588613442772
