file_path,dataset,label,pred_label,pred_label_enc,proba_angry,proba_happy,proba_neutral,proba_sad
/workspace/datasets/cremad/AudioWAV/1001_DFA_ANG_XX.wav,cremad,angry,neutral,2,0.14622697191566675,0.258494105603392,0.37404889407009995,0.22123002841084122
/workspace/datasets/cremad/AudioWAV/1001_DFA_HAP_XX.wav,cremad,happy,neutral,2,0.14631221475718847,0.2585462747120925,0.3740016077058125,0.2211399028249065
/workspace/datasets/cremad/AudioWAV/1001_DFA_NEU_XX.wav,cremad,neutral,neutral,2,0.14621667437579355,0.2584873430541037,0.373964579173498,0.22133140339660487
/workspace/datasets/cremad/AudioWAV/1001_DFA_SAD_XX.wav,cremad,sad,neutral,2,0.14613290528204598,0.2583255708982194,0.37389371354985695,0.22164781026987757
/workspace/datasets/cremad/AudioWAV/1001_IEO_ANG_HI.wav,cremad,angry,neutral,2,0.14633985726622487,0.25860039913827426,0.373985536412988,0.2210742071825125
/workspace/datasets/cremad/AudioWAV/1001_IEO_ANG_LO.wav,cremad,angry,neutral,2,0.14614932148524595,0.25843584014651866,0.37402092140291154,0.22139391696532384
/workspace/datasets/cremad/AudioWAV/1001_IEO_ANG_MD.wav,cremad,angry,neutral,2,0.14632903265203617,0.2585483192674204,0.3739537496266052,0.22116889845393845
/workspace/datasets/cremad/AudioWAV/1001_IEO_HAP_HI.wav,cremad,happy,neutral,2,0.1463791785002641,0.25863793168974425,0.3739387442986545,0.22104414551133722
/workspace/datasets/cremad/AudioWAV/1001_IEO_HAP_LO.wav,cremad,happy,neutral,2,0.146201066111691,0.2584495826020415,0.37410098401464004,0.22124836727162753
/workspace/datasets/cremad/AudioWAV/1001_IEO_HAP_MD.wav,cremad,happy,neutral,2,0.14629065905061767,0.25851359152481007,0.37402864411274195,0.22116710531183004
/workspace/datasets/cremad/AudioWAV/1001_IEO_NEU_XX.wav,cremad,neutral,neutral,2,0.14618080548685047,0.25835607035661384,0.37391890191258725,0.22154422224394832
/workspace/datasets/cremad/AudioWAV/1001_IEO_SAD_HI.wav,cremad,sad,neutral,2,0.14617279065637567,0.25834048909147456,0.3738193326053402,0.2216673876468099
/workspace/datasets/cremad/AudioWAV/1001_IEO_SAD_LO.wav,cremad,sad,neutral,2,0.14611725604135997,0.25829109807069217,0.373876938576734,0.2217147073112136
/workspace/datasets/cremad/AudioWAV/1001_IEO_SAD_MD.wav,cremad,sad,neutral,2,0.14608076495928962,0.2582679852979471,0.3738785922529722,0.22177265748979086
/workspace/datasets/cremad/AudioWAV/1001_IOM_ANG_XX.wav,cremad,angry,neutral,2,0.14616784185045717,0.25839754269402854,0.3739984238772635,0.22143619157825067
/workspace/datasets/cremad/AudioWAV/1001_IOM_HAP_XX.wav,cremad,happy,neutral,2,0.1462417756370659,0.2585133040881803,0.37392190493289307,0.22132301534186083
/workspace/datasets/cremad/AudioWAV/1001_IOM_NEU_XX.wav,cremad,neutral,neutral,2,0.14624321235414278,0.2585365623726754,0.373973142298396,0.22124708297478585
/workspace/datasets/cremad/AudioWAV/1001_IOM_SAD_XX.wav,cremad,sad,neutral,2,0.14608576926732839,0.2583009307162162,0.3738849371495833,0.22172836286687198
/workspace/datasets/cremad/AudioWAV/1001_ITH_ANG_XX.wav,cremad,angry,neutral,2,0.14628582982973756,0.2585166302144421,0.37399360877474785,0.22120393118107198
/workspace/datasets/cremad/AudioWAV/1001_ITH_HAP_XX.wav,cremad,happy,neutral,2,0.14633804073576712,0.25862238709180085,0.37398311086229935,0.22105646131013285
/workspace/datasets/cremad/AudioWAV/1001_ITH_NEU_XX.wav,cremad,neutral,neutral,2,0.146215336822959,0.2584546641538003,0.373902019232536,0.22142797979070475
/workspace/datasets/cremad/AudioWAV/1001_ITH_SAD_XX.wav,cremad,sad,neutral,2,0.14606422461892707,0.2582259458885375,0.37386089980974574,0.22184892968278966
/workspace/datasets/cremad/AudioWAV/1001_ITS_ANG_XX.wav,cremad,angry,neutral,2,0.14625942021237323,0.2585422740010971,0.37396847279606976,0.22122983299045995
/workspace/datasets/cremad/AudioWAV/1001_ITS_HAP_XX.wav,cremad,happy,neutral,2,0.1462452395074339,0.2585194611561646,0.37391647770001746,0.22131882163638392
/workspace/datasets/cremad/AudioWAV/1001_ITS_NEU_XX.wav,cremad,neutral,neutral,2,0.14623234353513512,0.25843377388715233,0.3738677847861495,0.22146609779156298
/workspace/datasets/cremad/AudioWAV/1001_ITS_SAD_XX.wav,cremad,sad,neutral,2,0.14616741462858557,0.2583710264071087,0.3738372503587895,0.22162430860551624
/workspace/datasets/cremad/AudioWAV/1001_IWL_ANG_XX.wav,cremad,angry,neutral,2,0.146423631848626,0.25863364622140833,0.37394445212133104,0.22099826980863502
/workspace/datasets/cremad/AudioWAV/1001_IWL_HAP_XX.wav,cremad,happy,neutral,2,0.14637222293026217,0.2585721588588229,0.37389373599587256,0.2211618822150422
/workspace/datasets/cremad/AudioWAV/1001_IWL_NEU_XX.wav,cremad,neutral,neutral,2,0.14624160727379648,0.2585314296425022,0.3739835713237813,0.22124339175992014
/workspace/datasets/cremad/AudioWAV/1001_IWL_SAD_XX.wav,cremad,sad,neutral,2,0.14616123733651004,0.25835727449788287,0.37384710161279605,0.2216343865528112
/workspace/datasets/cremad/AudioWAV/1001_IWW_ANG_XX.wav,cremad,angry,neutral,2,0.1462980348888295,0.2585146051424228,0.37399220592515897,0.2211951540435889
/workspace/datasets/cremad/AudioWAV/1001_IWW_HAP_XX.wav,cremad,happy,neutral,2,0.14647339759937708,0.2586746606130501,0.37398813369338524,0.22086380809418746
/workspace/datasets/cremad/AudioWAV/1001_IWW_NEU_XX.wav,cremad,neutral,neutral,2,0.14623994223229933,0.25844419279540926,0.37386931570653437,0.22144654926575708
/workspace/datasets/cremad/AudioWAV/1001_IWW_SAD_XX.wav,cremad,sad,neutral,2,0.14615355692950913,0.25832396842449745,0.37380686847395844,0.22171560617203478
/workspace/datasets/cremad/AudioWAV/1001_MTI_ANG_XX.wav,cremad,angry,neutral,2,0.14631267843479617,0.25850757897811627,0.37391968137970555,0.22126006120738217
/workspace/datasets/cremad/AudioWAV/1001_MTI_HAP_XX.wav,cremad,happy,neutral,2,0.14645996882290746,0.2585901644383786,0.373877795918411,0.221072070820303
/workspace/datasets/cremad/AudioWAV/1001_MTI_NEU_XX.wav,cremad,neutral,neutral,2,0.14635787798750288,0.2585822942989134,0.3738969833849974,0.22116284432858627
/workspace/datasets/cremad/AudioWAV/1001_MTI_SAD_XX.wav,cremad,sad,neutral,2,0.14615920858274822,0.2583980432173473,0.3739988561755322,0.22144389202437226
/workspace/datasets/cremad/AudioWAV/1001_TAI_ANG_XX.wav,cremad,angry,neutral,2,0.14633659005373126,0.25856107705318315,0.3739706515486141,0.22113168134447148
/workspace/datasets/cremad/AudioWAV/1001_TAI_HAP_XX.wav,cremad,happy,neutral,2,0.14637730796657017,0.2586241837264836,0.3739666006373411,0.22103190766960515
/workspace/datasets/cremad/AudioWAV/1001_TAI_NEU_XX.wav,cremad,neutral,neutral,2,0.14618735980948525,0.25841909581937167,0.37398688139526814,0.22140666297587525
/workspace/datasets/cremad/AudioWAV/1001_TAI_SAD_XX.wav,cremad,sad,neutral,2,0.14614446969497835,0.2583353320075902,0.3737880358564025,0.22173216244102914
/workspace/datasets/cremad/AudioWAV/1001_TIE_ANG_XX.wav,cremad,angry,neutral,2,0.14623102844870298,0.25851921388624355,0.374002219647984,0.2212475380170693
/workspace/datasets/cremad/AudioWAV/1001_TIE_HAP_XX.wav,cremad,happy,neutral,2,0.14635558117005923,0.25857847687423297,0.37402047068897587,0.22104547126673205
/workspace/datasets/cremad/AudioWAV/1001_TIE_NEU_XX.wav,cremad,neutral,neutral,2,0.14621518593288385,0.2584024525634017,0.3740142108943204,0.22136815060939408
/workspace/datasets/cremad/AudioWAV/1001_TIE_SAD_XX.wav,cremad,sad,neutral,2,0.14612273603393386,0.2583532386006384,0.37385173616848605,0.22167228919694162
/workspace/datasets/cremad/AudioWAV/1001_TSI_ANG_XX.wav,cremad,angry,neutral,2,0.14630434456862015,0.2586130380180039,0.37391958148244425,0.22116303593093137
/workspace/datasets/cremad/AudioWAV/1001_TSI_HAP_XX.wav,cremad,happy,neutral,2,0.14626714633776422,0.25853369479974087,0.37403990989524155,0.2211592489672534
/workspace/datasets/cremad/AudioWAV/1001_TSI_NEU_XX.wav,cremad,neutral,neutral,2,0.14625438847364922,0.25852931041232224,0.3739467686360894,0.22126953247793915
/workspace/datasets/cremad/AudioWAV/1001_TSI_SAD_XX.wav,cremad,sad,neutral,2,0.14618705332412418,0.2583767449149286,0.3737888528247576,0.22164734893618937
/workspace/datasets/cremad/AudioWAV/1001_WSI_ANG_XX.wav,cremad,angry,neutral,2,0.1463556947082633,0.25858658626857545,0.3738806840945445,0.22117703492861668
/workspace/datasets/cremad/AudioWAV/1001_WSI_HAP_XX.wav,cremad,happy,neutral,2,0.14647126052858858,0.2586764435872309,0.3739612866064648,0.22089100927771563
/workspace/datasets/cremad/AudioWAV/1001_WSI_NEU_XX.wav,cremad,neutral,neutral,2,0.14623849783903767,0.2585140084289259,0.37390231872836605,0.22134517500367062
/workspace/datasets/cremad/AudioWAV/1001_WSI_SAD_XX.wav,cremad,sad,neutral,2,0.14617233933567922,0.25842558733360876,0.3739777279644247,0.221424345366287
/workspace/datasets/cremad/AudioWAV/1002_DFA_ANG_XX.wav,cremad,angry,neutral,2,0.14635649241438503,0.2586925361854045,0.3739116846601241,0.22103928674008638
/workspace/datasets/cremad/AudioWAV/1002_DFA_HAP_XX.wav,cremad,happy,neutral,2,0.14636411528979024,0.25866260858717016,0.37391668312171994,0.2210565930013197
/workspace/datasets/cremad/AudioWAV/1002_DFA_NEU_XX.wav,cremad,neutral,neutral,2,0.1461983187960726,0.25839032272568085,0.37384127584614496,0.22157008263210137
/workspace/datasets/cremad/AudioWAV/1002_DFA_SAD_XX.wav,cremad,sad,neutral,2,0.14612951595631318,0.2582791461702495,0.3737724199938156,0.22181891787962185
/workspace/datasets/cremad/AudioWAV/1002_IEO_ANG_HI.wav,cremad,angry,neutral,2,0.14651247755042923,0.2586798363546824,0.37384422069743367,0.22096346539745448
/workspace/datasets/cremad/AudioWAV/1002_IEO_ANG_LO.wav,cremad,angry,neutral,2,0.14638709987760673,0.25857324556678063,0.3738935841379002,0.22114607041771242
/workspace/datasets/cremad/AudioWAV/1002_IEO_ANG_MD.wav,cremad,angry,neutral,2,0.146599869985152,0.25869527900124595,0.37381160165025473,0.2208932493633473
/workspace/datasets/cremad/AudioWAV/1002_IEO_HAP_HI.wav,cremad,happy,neutral,2,0.14640496830129093,0.25865060951549307,0.373950515739499,0.22099390644371694
/workspace/datasets/cremad/AudioWAV/1002_IEO_HAP_LO.wav,cremad,happy,neutral,2,0.14624683007899564,0.2584275752641308,0.3738576265574756,0.221467968099398
/workspace/datasets/cremad/AudioWAV/1002_IEO_HAP_MD.wav,cremad,happy,neutral,2,0.14629832504398763,0.25857282313837465,0.37404199369473917,0.22108685812289836
/workspace/datasets/cremad/AudioWAV/1002_IEO_NEU_XX.wav,cremad,neutral,neutral,2,0.14616683349852205,0.2583459484093929,0.3737720617301284,0.22171515636195652
/workspace/datasets/cremad/AudioWAV/1002_IEO_SAD_HI.wav,cremad,sad,neutral,2,0.1459554352903832,0.25807829352835204,0.3737089476402472,0.2222573235410177
/workspace/datasets/cremad/AudioWAV/1002_IEO_SAD_LO.wav,cremad,sad,neutral,2,0.14606149730603787,0.2581671466811901,0.3737402714074556,0.2220310846053165
/workspace/datasets/cremad/AudioWAV/1002_IEO_SAD_MD.wav,cremad,sad,neutral,2,0.14613700706239866,0.2582429962318966,0.37370859096421527,0.2219114057414895
/workspace/datasets/cremad/AudioWAV/1002_IOM_ANG_XX.wav,cremad,angry,neutral,2,0.14638697405201875,0.258629635276591,0.3738147419666539,0.22116864870473635
/workspace/datasets/cremad/AudioWAV/1002_IOM_HAP_XX.wav,cremad,happy,neutral,2,0.14609691821633788,0.25841455974112315,0.37393895466729843,0.22154956737524087
/workspace/datasets/cremad/AudioWAV/1002_IOM_NEU_XX.wav,cremad,neutral,neutral,2,0.14614407922973371,0.25835385036314257,0.37381042611818294,0.2216916442889405
/workspace/datasets/cremad/AudioWAV/1002_IOM_SAD_XX.wav,cremad,sad,neutral,2,0.1462055851533549,0.2583906260666517,0.3737694968909323,0.2216342918890607
/workspace/datasets/cremad/AudioWAV/1002_ITH_ANG_XX.wav,cremad,angry,neutral,2,0.1463949355563584,0.25864400958010253,0.37390142421101397,0.2210596306525252
/workspace/datasets/cremad/AudioWAV/1002_ITH_HAP_XX.wav,cremad,happy,neutral,2,0.14641301565207307,0.2586153941602929,0.3738615387311027,0.2211100514565314
/workspace/datasets/cremad/AudioWAV/1002_ITH_NEU_XX.wav,cremad,neutral,neutral,2,0.1461761220691665,0.2583690266211235,0.37380610009427917,0.22164875121543098
/workspace/datasets/cremad/AudioWAV/1002_ITH_SAD_XX.wav,cremad,sad,neutral,2,0.14616831683638498,0.25834426503685104,0.37378794659208114,0.22169947153468272
/workspace/datasets/cremad/AudioWAV/1002_ITS_ANG_XX.wav,cremad,angry,neutral,2,0.14627507303158233,0.2585069091545648,0.37386470652600395,0.22135331128784863
/workspace/datasets/cremad/AudioWAV/1002_ITS_HAP_XX.wav,cremad,happy,neutral,2,0.14640243003093098,0.25863546055708136,0.37393312973585796,0.22102897967612933
/workspace/datasets/cremad/AudioWAV/1002_ITS_NEU_XX.wav,cremad,neutral,neutral,2,0.1461527854866322,0.2583518245284763,0.37383477859698044,0.22166061138791104
/workspace/datasets/cremad/AudioWAV/1002_ITS_SAD_XX.wav,cremad,sad,neutral,2,0.1461727216570406,0.25831185672859264,0.3737367369473777,0.2217786846669892
/workspace/datasets/cremad/AudioWAV/1002_IWL_ANG_XX.wav,cremad,angry,neutral,2,0.14632006653100732,0.258551417208579,0.37392762408028674,0.22120089218012665
/workspace/datasets/cremad/AudioWAV/1002_IWL_HAP_XX.wav,cremad,happy,neutral,2,0.14627105529584838,0.25845116400215545,0.37384366054047896,0.22143412016151695
/workspace/datasets/cremad/AudioWAV/1002_IWL_NEU_XX.wav,cremad,neutral,neutral,2,0.14620080004367259,0.2583631652243368,0.37377105315824327,0.22166498157374742
/workspace/datasets/cremad/AudioWAV/1002_IWL_SAD_XX.wav,cremad,sad,neutral,2,0.14613641420228252,0.2583487169396107,0.3738129193549466,0.2217019495031602
/workspace/datasets/cremad/AudioWAV/1002_IWW_ANG_XX.wav,cremad,angry,neutral,2,0.1463791988356419,0.25859305045351144,0.3739281072683136,0.22109964344253288
/workspace/datasets/cremad/AudioWAV/1002_IWW_HAP_XX.wav,cremad,happy,neutral,2,0.14640615610105245,0.2585780673043434,0.37385475344044955,0.22116102315415465
/workspace/datasets/cremad/AudioWAV/1002_IWW_NEU_XX.wav,cremad,neutral,neutral,2,0.14624301773050777,0.2583746112026488,0.37377589118021126,0.221606479886632
/workspace/datasets/cremad/AudioWAV/1002_IWW_SAD_XX.wav,cremad,sad,neutral,2,0.14615994662409032,0.2583464979583268,0.37385377258273067,0.22163978283485192
/workspace/datasets/cremad/AudioWAV/1002_MTI_ANG_XX.wav,cremad,angry,neutral,2,0.1463652364908538,0.25859606409219743,0.373867337948379,0.22117136146856975
/workspace/datasets/cremad/AudioWAV/1002_MTI_HAP_XX.wav,cremad,happy,neutral,2,0.14644253226111997,0.2585879300382266,0.3738221472867784,0.2211473904138749
/workspace/datasets/cremad/AudioWAV/1002_MTI_NEU_XX.wav,cremad,neutral,neutral,2,0.1462254809710569,0.2583933741994202,0.3737506036497962,0.22163054117972647
/workspace/datasets/cremad/AudioWAV/1002_MTI_SAD_XX.wav,cremad,sad,neutral,2,0.14627090607424958,0.25841305053957814,0.3737659321513398,0.2215501112348324
/workspace/datasets/cremad/AudioWAV/1002_TAI_ANG_XX.wav,cremad,angry,neutral,2,0.14641193884541226,0.2586645950331215,0.3739230681677955,0.22100039795367069
/workspace/datasets/cremad/AudioWAV/1002_TAI_HAP_XX.wav,cremad,happy,neutral,2,0.14639564211758294,0.25862639300521517,0.3738904795515905,0.22108748532561126
/workspace/datasets/cremad/AudioWAV/1002_TAI_NEU_XX.wav,cremad,neutral,neutral,2,0.14616762358678145,0.25833861716891143,0.37377569665694166,0.22171806258736518
/workspace/datasets/cremad/AudioWAV/1002_TAI_SAD_XX.wav,cremad,sad,neutral,2,0.14616549388499697,0.2583992520401418,0.37387664001011867,0.22155861406474267
/workspace/datasets/cremad/AudioWAV/1002_TIE_ANG_XX.wav,cremad,angry,neutral,2,0.14645553067871792,0.2587027708978925,0.3739105858082992,0.22093111261509013
/workspace/datasets/cremad/AudioWAV/1002_TIE_HAP_XX.wav,cremad,happy,neutral,2,0.14639115722773993,0.2586611715437854,0.3739322806158581,0.2210153906126167
/workspace/datasets/cremad/AudioWAV/1002_TIE_SAD_XX.wav,cremad,sad,neutral,2,0.14630866240284843,0.2585467670214204,0.37392553762516684,0.22121903295056436
/workspace/datasets/cremad/AudioWAV/1002_TSI_ANG_XX.wav,cremad,angry,neutral,2,0.1464628768106355,0.2587221200431673,0.37389316021924374,0.22092184292695355
/workspace/datasets/cremad/AudioWAV/1002_TSI_HAP_XX.wav,cremad,happy,neutral,2,0.14640101904187713,0.2586574681726137,0.37393397909984954,0.22100753368565995
/workspace/datasets/cremad/AudioWAV/1002_TSI_NEU_XX.wav,cremad,neutral,neutral,2,0.1462356741255744,0.2584258983127611,0.37380258327741595,0.22153584428424875
/workspace/datasets/cremad/AudioWAV/1002_TSI_SAD_XX.wav,cremad,sad,neutral,2,0.14614834627408238,0.2583392561028716,0.37380363608727324,0.2217087615357727
/workspace/datasets/cremad/AudioWAV/1002_WSI_ANG_XX.wav,cremad,angry,neutral,2,0.14635891338230142,0.2586453649528376,0.37390331012833,0.2210924115365311
/workspace/datasets/cremad/AudioWAV/1002_WSI_HAP_XX.wav,cremad,happy,neutral,2,0.14640159493575447,0.25866407041817874,0.37390334628089994,0.22103098836516707
/workspace/datasets/cremad/AudioWAV/1002_WSI_NEU_XX.wav,cremad,neutral,neutral,2,0.14623883980364022,0.2584266221278975,0.37384175970485034,0.2214927783636121
/workspace/datasets/cremad/AudioWAV/1002_WSI_SAD_XX.wav,cremad,sad,neutral,2,0.14620768489031538,0.25837699995777264,0.37379761126499655,0.22161770388691523
/workspace/datasets/cremad/AudioWAV/1003_DFA_ANG_XX.wav,cremad,angry,neutral,2,0.1464735996211563,0.2587167150619977,0.37393512054693656,0.2208745647699092
/workspace/datasets/cremad/AudioWAV/1003_DFA_HAP_XX.wav,cremad,happy,neutral,2,0.1463007096452924,0.2585028248360392,0.37397705607984255,0.22121940943882595
/workspace/datasets/cremad/AudioWAV/1003_DFA_NEU_XX.wav,cremad,neutral,neutral,2,0.14628005995025983,0.25845619851552093,0.373874419329265,0.22138932220495394
/workspace/datasets/cremad/AudioWAV/1003_DFA_SAD_XX.wav,cremad,sad,neutral,2,0.1462019181214034,0.2583536989077695,0.3737888297410255,0.22165555322980138
/workspace/datasets/cremad/AudioWAV/1003_IEO_ANG_HI.wav,cremad,angry,neutral,2,0.14633161888706003,0.2586033083118531,0.37389612562712504,0.2211689471739619
/workspace/datasets/cremad/AudioWAV/1003_IEO_ANG_LO.wav,cremad,angry,neutral,2,0.14641212570010248,0.2586178577711904,0.3738895701156194,0.22108044641308772
/workspace/datasets/cremad/AudioWAV/1003_IEO_ANG_MD.wav,cremad,angry,neutral,2,0.1464272853550411,0.25867525548198694,0.37388208151527763,0.22101537764769472
/workspace/datasets/cremad/AudioWAV/1003_IEO_HAP_HI.wav,cremad,happy,neutral,2,0.1463259113812809,0.2585146126813379,0.37392447058951056,0.22123500534787124
/workspace/datasets/cremad/AudioWAV/1003_IEO_HAP_LO.wav,cremad,happy,neutral,2,0.1462360056715023,0.25841931786337524,0.3738086015411766,0.22153607492394564
/workspace/datasets/cremad/AudioWAV/1003_IEO_HAP_MD.wav,cremad,happy,neutral,2,0.14628583984578622,0.25854613360297535,0.37394705032598013,0.2212209762252582
/workspace/datasets/cremad/AudioWAV/1003_IEO_NEU_XX.wav,cremad,neutral,neutral,2,0.146201858158948,0.2584256363959869,0.3738445689423361,0.2215279365027291
/workspace/datasets/cremad/AudioWAV/1003_IEO_SAD_HI.wav,cremad,sad,neutral,2,0.14607889388979323,0.2582622114784041,0.3737733555977432,0.2218855390340593
/workspace/datasets/cremad/AudioWAV/1003_IEO_SAD_LO.wav,cremad,sad,neutral,2,0.14604825101385163,0.2582066637952387,0.3737194290734729,0.2220256561174372
/workspace/datasets/cremad/AudioWAV/1003_IEO_SAD_MD.wav,cremad,sad,neutral,2,0.14607745758096438,0.2582423369699434,0.37377954135263636,0.2219006640964557
/workspace/datasets/cremad/AudioWAV/1003_IOM_ANG_XX.wav,cremad,angry,neutral,2,0.14641881617120425,0.25866321504026507,0.37384256861814874,0.22107540017038177
/workspace/datasets/cremad/AudioWAV/1003_IOM_HAP_XX.wav,cremad,happy,neutral,2,0.14623325106784996,0.2584947854018209,0.37391836806583495,0.22135359546449437
/workspace/datasets/cremad/AudioWAV/1003_IOM_NEU_XX.wav,cremad,neutral,neutral,2,0.1463253123018158,0.25857646748804397,0.37390691286605654,0.22119130734408357
/workspace/datasets/cremad/AudioWAV/1003_IOM_SAD_XX.wav,cremad,sad,neutral,2,0.1461114319531616,0.25834307041047994,0.3738465160885444,0.22169898154781417
/workspace/datasets/cremad/AudioWAV/1003_ITH_ANG_XX.wav,cremad,angry,neutral,2,0.14644924835503415,0.25871435589325276,0.3739185230234771,0.22091787272823632
/workspace/datasets/cremad/AudioWAV/1003_ITH_HAP_XX.wav,cremad,happy,neutral,2,0.14631620158544906,0.2585256026250219,0.37386792998110147,0.2212902658084278
/workspace/datasets/cremad/AudioWAV/1003_ITH_NEU_XX.wav,cremad,neutral,neutral,2,0.14629384425744632,0.2585701618261075,0.3739425618774651,0.2211934320389812
/workspace/datasets/cremad/AudioWAV/1003_ITH_SAD_XX.wav,cremad,sad,neutral,2,0.14621247263867154,0.25840465560484754,0.3737850131026099,0.22159785865387124
/workspace/datasets/cremad/AudioWAV/1003_ITS_ANG_XX.wav,cremad,angry,neutral,2,0.14643449240128575,0.2586779814592438,0.3738832139679896,0.22100431217148112
/workspace/datasets/cremad/AudioWAV/1003_ITS_HAP_XX.wav,cremad,happy,neutral,2,0.14629022620351653,0.2584762117000582,0.3738650522494028,0.22136850984702217
/workspace/datasets/cremad/AudioWAV/1003_ITS_NEU_XX.wav,cremad,neutral,neutral,2,0.14618177057048135,0.2583912472013734,0.3738918382799131,0.22153514394823262
/workspace/datasets/cremad/AudioWAV/1003_ITS_SAD_XX.wav,cremad,sad,neutral,2,0.14615885161128056,0.2583322470187254,0.37376811495700074,0.22174078641299313
/workspace/datasets/cremad/AudioWAV/1003_IWL_ANG_XX.wav,cremad,angry,neutral,2,0.14641925540730857,0.25869152013031055,0.3738629735927682,0.22102625086961294
/workspace/datasets/cremad/AudioWAV/1003_IWL_HAP_XX.wav,cremad,happy,neutral,2,0.14631001948848255,0.2585720144531163,0.3739169129075819,0.22120105315081948
/workspace/datasets/cremad/AudioWAV/1003_IWL_NEU_XX.wav,cremad,neutral,neutral,2,0.1462373950166301,0.25854726952429496,0.3738999506341336,0.22131538482494134
/workspace/datasets/cremad/AudioWAV/1003_IWL_SAD_XX.wav,cremad,sad,neutral,2,0.1462126539485352,0.2583927118368774,0.3737869231183556,0.221607711096232
/workspace/datasets/cremad/AudioWAV/1003_IWW_ANG_XX.wav,cremad,angry,neutral,2,0.1463968171593549,0.2587004102453468,0.37390558664189666,0.2209971859534019
/workspace/datasets/cremad/AudioWAV/1003_IWW_HAP_XX.wav,cremad,happy,neutral,2,0.14645344451149817,0.2586443526545629,0.37389735335471674,0.2210048494792223
/workspace/datasets/cremad/AudioWAV/1003_IWW_NEU_XX.wav,cremad,neutral,neutral,2,0.14626367218202022,0.25844866420915097,0.37384406592244385,0.22144359768638522
/workspace/datasets/cremad/AudioWAV/1003_IWW_SAD_XX.wav,cremad,sad,neutral,2,0.14611360383465857,0.25829178231580074,0.37387544998100614,0.2217191638685346
/workspace/datasets/cremad/AudioWAV/1003_MTI_ANG_XX.wav,cremad,angry,neutral,2,0.14657134076841147,0.25872556087807463,0.3737720180559385,0.2209310802975757
/workspace/datasets/cremad/AudioWAV/1003_MTI_HAP_XX.wav,cremad,happy,neutral,2,0.14626212116732923,0.2584810869134267,0.37391724256238557,0.22133954935685832
/workspace/datasets/cremad/AudioWAV/1003_MTI_NEU_XX.wav,cremad,neutral,neutral,2,0.14622439844384508,0.2584358793185725,0.3738240908328963,0.22151563140468603
/workspace/datasets/cremad/AudioWAV/1003_MTI_SAD_XX.wav,cremad,sad,neutral,2,0.1462128586660149,0.25841787178700065,0.37381410073798893,0.22155516880899567
/workspace/datasets/cremad/AudioWAV/1003_TAI_ANG_XX.wav,cremad,angry,neutral,2,0.14643525169825786,0.2586995082339729,0.37384795359525363,0.2210172864725157
/workspace/datasets/cremad/AudioWAV/1003_TAI_HAP_XX.wav,cremad,happy,neutral,2,0.14637677262453694,0.2585841803217082,0.3739778639187938,0.22106118313496168
/workspace/datasets/cremad/AudioWAV/1003_TAI_NEU_XX.wav,cremad,neutral,neutral,2,0.14633384950934672,0.2585992073390887,0.37396740340213225,0.2210995397494321
/workspace/datasets/cremad/AudioWAV/1003_TAI_SAD_XX.wav,cremad,sad,neutral,2,0.14628326256207635,0.2584712496612992,0.37390346587048506,0.2213420219061392
/workspace/datasets/cremad/AudioWAV/1003_TIE_ANG_XX.wav,cremad,angry,neutral,2,0.14642982063329965,0.25867238750992977,0.37390758067179486,0.2209902111849757
/workspace/datasets/cremad/AudioWAV/1003_TIE_HAP_XX.wav,cremad,happy,neutral,2,0.14627249744009974,0.25850029824557386,0.3738807859608524,0.22134641835347385
/workspace/datasets/cremad/AudioWAV/1003_TIE_NEU_XX.wav,cremad,neutral,neutral,2,0.14626172492283532,0.2585447246976697,0.37396403189037297,0.22122951848912215
/workspace/datasets/cremad/AudioWAV/1003_TIE_SAD_XX.wav,cremad,sad,neutral,2,0.14619429069269954,0.2583545556781583,0.3737741037339344,0.2216770498952078
/workspace/datasets/cremad/AudioWAV/1003_TSI_ANG_XX.wav,cremad,angry,neutral,2,0.14628154819689937,0.2584823190169943,0.37386495998955327,0.22137117279655322
/workspace/datasets/cremad/AudioWAV/1003_TSI_HAP_XX.wav,cremad,happy,neutral,2,0.14616988106509246,0.25832469354159615,0.37391845539208596,0.22158697000122543
/workspace/datasets/cremad/AudioWAV/1003_TSI_NEU_XX.wav,cremad,neutral,neutral,2,0.14617751001081508,0.2583935722111761,0.37390363747803307,0.22152528029997554
/workspace/datasets/cremad/AudioWAV/1003_TSI_SAD_XX.wav,cremad,sad,neutral,2,0.14602773653156326,0.25820562256828994,0.3738960224455212,0.2218706184546253
/workspace/datasets/cremad/AudioWAV/1003_WSI_ANG_XX.wav,cremad,angry,neutral,2,0.14648437401521106,0.25874315119492197,0.3738444499376359,0.22092802485223148
/workspace/datasets/cremad/AudioWAV/1003_WSI_HAP_XX.wav,cremad,happy,neutral,2,0.14633046744015182,0.2585467680018521,0.37391959796814195,0.22120316658985417
/workspace/datasets/cremad/AudioWAV/1003_WSI_NEU_XX.wav,cremad,neutral,neutral,2,0.146235115549818,0.25844124998137247,0.3738680038085868,0.2214556306602225
/workspace/datasets/cremad/AudioWAV/1003_WSI_SAD_XX.wav,cremad,sad,neutral,2,0.14616932158693868,0.25834453213439956,0.3738533543678922,0.22163279191076996
/workspace/datasets/cremad/AudioWAV/1004_DFA_ANG_XX.wav,cremad,angry,neutral,2,0.14641372667971456,0.25863507699203314,0.3739313194349211,0.22101987689333108
/workspace/datasets/cremad/AudioWAV/1004_DFA_HAP_XX.wav,cremad,happy,neutral,2,0.1462714557937379,0.2585604954931511,0.3739754285363953,0.22119262017671568
/workspace/datasets/cremad/AudioWAV/1004_DFA_NEU_XX.wav,cremad,neutral,neutral,2,0.14626596809371087,0.2584375219364748,0.3738235988891145,0.22147291108069983
/workspace/datasets/cremad/AudioWAV/1004_DFA_SAD_XX.wav,cremad,sad,neutral,2,0.14610229701642027,0.25822676690580587,0.3737917115292386,0.2218792245485352
/workspace/datasets/cremad/AudioWAV/1004_IEO_ANG_HI.wav,cremad,angry,neutral,2,0.14648897744169204,0.25879697940590296,0.3739358242061542,0.22077821894625121
/workspace/datasets/cremad/AudioWAV/1004_IEO_ANG_LO.wav,cremad,angry,neutral,2,0.14639145850178586,0.2585950566287711,0.3738729637873696,0.22114052108207338
/workspace/datasets/cremad/AudioWAV/1004_IEO_ANG_MD.wav,cremad,angry,neutral,2,0.14647132254976708,0.25870911688813936,0.3738425644917942,0.22097699607029925
/workspace/datasets/cremad/AudioWAV/1004_IEO_HAP_HI.wav,cremad,happy,neutral,2,0.14655837404530986,0.25882037341644765,0.37390412183577637,0.22071713070246596
/workspace/datasets/cremad/AudioWAV/1004_IEO_HAP_LO.wav,cremad,happy,neutral,2,0.1461713266690871,0.25838516049918636,0.37379187626929317,0.2216516365624333
/workspace/datasets/cremad/AudioWAV/1004_IEO_HAP_MD.wav,cremad,happy,neutral,2,0.14632329068666647,0.2585726373248418,0.3739081928497125,0.22119587913877944
/workspace/datasets/cremad/AudioWAV/1004_IEO_NEU_XX.wav,cremad,neutral,neutral,2,0.14622095968874999,0.2584337648796173,0.3738471881499395,0.22149808728169335
/workspace/datasets/cremad/AudioWAV/1004_IEO_SAD_HI.wav,cremad,sad,neutral,2,0.14611573397548985,0.258266944105659,0.37371992039213797,0.2218974015267135
/workspace/datasets/cremad/AudioWAV/1004_IEO_SAD_LO.wav,cremad,sad,neutral,2,0.14610758819258002,0.25829779402364733,0.37376811432778606,0.22182650345598662
/workspace/datasets/cremad/AudioWAV/1004_IEO_SAD_MD.wav,cremad,sad,neutral,2,0.14608556125419433,0.25825608367252845,0.37377600785695414,0.22188234721632266
/workspace/datasets/cremad/AudioWAV/1004_IOM_ANG_XX.wav,cremad,angry,neutral,2,0.14623909687356312,0.25841358884830645,0.37398708820349486,0.22136022607463543
/workspace/datasets/cremad/AudioWAV/1004_IOM_HAP_XX.wav,cremad,happy,neutral,2,0.14626390693775967,0.2585051600940043,0.3739986817987176,0.22123225116951883
/workspace/datasets/cremad/AudioWAV/1004_IOM_NEU_XX.wav,cremad,neutral,neutral,2,0.1461684787573508,0.2583407387282334,0.37374566248144436,0.22174512003297153
/workspace/datasets/cremad/AudioWAV/1004_IOM_SAD_XX.wav,cremad,sad,neutral,2,0.1460896226257256,0.2582918437489315,0.37376060638708697,0.22185792723825593
/workspace/datasets/cremad/AudioWAV/1004_ITH_ANG_XX.wav,cremad,angry,neutral,2,0.14647724013973157,0.25865967230471676,0.373918491071,0.22094459648455173
/workspace/datasets/cremad/AudioWAV/1004_ITH_HAP_XX.wav,cremad,happy,neutral,2,0.14618937943864924,0.2583887954802152,0.3738427904055751,0.22157903467556034
/workspace/datasets/cremad/AudioWAV/1004_ITH_NEU_XX.wav,cremad,neutral,neutral,2,0.14621725354236165,0.258391168799492,0.3738027551057731,0.22158882255237317
/workspace/datasets/cremad/AudioWAV/1004_ITH_SAD_XX.wav,cremad,sad,neutral,2,0.1461092688578701,0.25830834718439866,0.37377558034574315,0.2218068036119879
/workspace/datasets/cremad/AudioWAV/1004_ITS_ANG_XX.wav,cremad,angry,neutral,2,0.14647047924685766,0.25861895898367304,0.37378265020093965,0.2211279115685296
/workspace/datasets/cremad/AudioWAV/1004_ITS_HAP_XX.wav,cremad,happy,neutral,2,0.14624539705497847,0.25840800985789214,0.37377072204909606,0.22157587103803317
/workspace/datasets/cremad/AudioWAV/1004_ITS_NEU_XX.wav,cremad,neutral,neutral,2,0.14626308922925085,0.2584620479178255,0.37387391771997813,0.2214009451329456
/workspace/datasets/cremad/AudioWAV/1004_ITS_SAD_XX.wav,cremad,sad,neutral,2,0.14623065873585805,0.25837337451336956,0.37371479935081225,0.2216811673999601
/workspace/datasets/cremad/AudioWAV/1004_IWL_ANG_XX.wav,cremad,angry,neutral,2,0.14641819467237696,0.25860935842877397,0.3738254255903972,0.22114702130845182
/workspace/datasets/cremad/AudioWAV/1004_IWL_HAP_XX.wav,cremad,happy,neutral,2,0.14628026201221114,0.25857487323749906,0.37389698560495105,0.22124787914533847
/workspace/datasets/cremad/AudioWAV/1004_IWL_NEU_XX.wav,cremad,neutral,neutral,2,0.1462519966360197,0.2584766469672546,0.3738438893679917,0.22142746702873387
/workspace/datasets/cremad/AudioWAV/1004_IWL_SAD_XX.wav,cremad,sad,neutral,2,0.1463333915501525,0.25852253585212015,0.3738516912663823,0.2212923813313453
/workspace/datasets/cremad/AudioWAV/1004_IWW_ANG_XX.wav,cremad,angry,neutral,2,0.14630781607184293,0.2585254484239426,0.37396492832977646,0.2212018071744377
/workspace/datasets/cremad/AudioWAV/1004_IWW_HAP_XX.wav,cremad,happy,neutral,2,0.14619372788559445,0.2583937082918098,0.37383547616976576,0.22157708765283002
/workspace/datasets/cremad/AudioWAV/1004_IWW_NEU_XX.wav,cremad,neutral,neutral,2,0.14624357643206018,0.25843988537031704,0.37381857054787493,0.22149796764974783
/workspace/datasets/cremad/AudioWAV/1004_IWW_SAD_XX.wav,cremad,sad,neutral,2,0.14610410811322566,0.25827648580476376,0.37371291853264393,0.2219064875493667
/workspace/datasets/cremad/AudioWAV/1004_MTI_ANG_XX.wav,cremad,angry,neutral,2,0.14638831739732924,0.2585608521110287,0.37380912366038416,0.22124170683125774
/workspace/datasets/cremad/AudioWAV/1004_MTI_HAP_XX.wav,cremad,happy,neutral,2,0.14620066420817204,0.2584136863484415,0.37380300865930355,0.22158264078408269
/workspace/datasets/cremad/AudioWAV/1004_MTI_NEU_XX.wav,cremad,neutral,neutral,2,0.14623282892602665,0.2584225076114416,0.3738190895156085,0.22152557394692354
/workspace/datasets/cremad/AudioWAV/1004_MTI_SAD_XX.wav,cremad,sad,neutral,2,0.14611381946104554,0.2582954544460828,0.3738019388791496,0.2217887872137222
/workspace/datasets/cremad/AudioWAV/1004_TAI_ANG_XX.wav,cremad,angry,neutral,2,0.1464507085036209,0.2586354592468159,0.3739375530704935,0.2209762791790696
/workspace/datasets/cremad/AudioWAV/1004_TAI_HAP_XX.wav,cremad,happy,neutral,2,0.1461957747816376,0.25835141728551886,0.3737848184305857,0.22166798950225788
/workspace/datasets/cremad/AudioWAV/1004_TAI_NEU_XX.wav,cremad,neutral,neutral,2,0.14623896840272155,0.25843165505196924,0.37385681483229066,0.2214725617130187
/workspace/datasets/cremad/AudioWAV/1004_TAI_SAD_XX.wav,cremad,sad,neutral,2,0.1461117182490664,0.2582894612751178,0.3737858273465883,0.22181299312922728
/workspace/datasets/cremad/AudioWAV/1004_TIE_ANG_XX.wav,cremad,angry,neutral,2,0.14647616815296802,0.2586837230287553,0.37388027123778533,0.22095983758049142
/workspace/datasets/cremad/AudioWAV/1004_TIE_HAP_XX.wav,cremad,happy,neutral,2,0.14636486734379614,0.25861504331930735,0.37389520002889215,0.22112488930800417
/workspace/datasets/cremad/AudioWAV/1004_TIE_NEU_XX.wav,cremad,neutral,neutral,2,0.1462072409720258,0.2583751227999292,0.3738345254077447,0.22158311082030038
/workspace/datasets/cremad/AudioWAV/1004_TIE_SAD_XX.wav,cremad,sad,neutral,2,0.1460660110488011,0.2581976618592176,0.3737331784187924,0.2220031486731888
/workspace/datasets/cremad/AudioWAV/1004_TSI_ANG_XX.wav,cremad,angry,neutral,2,0.14641711066598956,0.258636159431311,0.3739124280925778,0.22103430181012135
/workspace/datasets/cremad/AudioWAV/1004_TSI_HAP_XX.wav,cremad,happy,neutral,2,0.1462518627041784,0.25847346623519846,0.37385657907758685,0.22141809198303647
/workspace/datasets/cremad/AudioWAV/1004_TSI_NEU_XX.wav,cremad,neutral,neutral,2,0.14627542812207092,0.258484006374752,0.37386810238570023,0.22137246311747644
/workspace/datasets/cremad/AudioWAV/1004_TSI_SAD_XX.wav,cremad,sad,neutral,2,0.14607642805590296,0.2582623586277611,0.37373729038239084,0.221923922933945
/workspace/datasets/cremad/AudioWAV/1004_WSI_ANG_XX.wav,cremad,angry,neutral,2,0.1464177166689355,0.2586640617366819,0.37388633355886136,0.22103188803552137
/workspace/datasets/cremad/AudioWAV/1004_WSI_HAP_XX.wav,cremad,happy,neutral,2,0.14638426378205213,0.25862578950655324,0.3739263939169854,0.22106355279440904
/workspace/datasets/cremad/AudioWAV/1004_WSI_NEU_XX.wav,cremad,neutral,neutral,2,0.1462703043647691,0.2585469632569385,0.3739345649833466,0.22124816739494588
/workspace/datasets/cremad/AudioWAV/1004_WSI_SAD_XX.wav,cremad,sad,neutral,2,0.14609484470206677,0.25826142306905564,0.37373309257262083,0.2219106396562574
/workspace/datasets/cremad/AudioWAV/1005_DFA_ANG_XX.wav,cremad,angry,neutral,2,0.1463846237755808,0.25859805413548853,0.3739176058147702,0.22109971627416006
/workspace/datasets/cremad/AudioWAV/1005_DFA_HAP_XX.wav,cremad,happy,neutral,2,0.14628876181864936,0.2585831980207571,0.37398452743329946,0.22114351272729393
/workspace/datasets/cremad/AudioWAV/1005_DFA_NEU_XX.wav,cremad,neutral,neutral,2,0.14624426175229677,0.2584933518705137,0.3739657718196491,0.22129661455754063
/workspace/datasets/cremad/AudioWAV/1005_DFA_SAD_XX.wav,cremad,sad,neutral,2,0.14616000370071855,0.25837670684243047,0.37383881213244974,0.22162447732440171
/workspace/datasets/cremad/AudioWAV/1005_IEO_ANG_HI.wav,cremad,angry,neutral,2,0.14650664021935908,0.25866403187012854,0.3739244518760768,0.22090487603443554
/workspace/datasets/cremad/AudioWAV/1005_IEO_ANG_LO.wav,cremad,angry,neutral,2,0.14628064868452684,0.2585164393300605,0.3739666469764481,0.22123626500896432
/workspace/datasets/cremad/AudioWAV/1005_IEO_ANG_MD.wav,cremad,angry,neutral,2,0.14634914997678095,0.2585801260188622,0.37399278609018144,0.22107793791417527
/workspace/datasets/cremad/AudioWAV/1005_IEO_HAP_HI.wav,cremad,happy,neutral,2,0.14635151099989002,0.2586284879393165,0.3739816972097307,0.2210383038510627
/workspace/datasets/cremad/AudioWAV/1005_IEO_HAP_LO.wav,cremad,happy,neutral,2,0.1461327902776794,0.2583019847146618,0.3738433143015354,0.22172191070612332
/workspace/datasets/cremad/AudioWAV/1005_IEO_HAP_MD.wav,cremad,happy,neutral,2,0.14623301402394887,0.2584747541476379,0.37388725671791273,0.22140497511050067
/workspace/datasets/cremad/AudioWAV/1005_IEO_NEU_XX.wav,cremad,neutral,neutral,2,0.14617423234401136,0.25837100678156244,0.37379176059305286,0.22166300028137326
/workspace/datasets/cremad/AudioWAV/1005_IEO_SAD_HI.wav,cremad,sad,neutral,2,0.14614232162074722,0.25836480189784644,0.373832635463957,0.22166024101744938
/workspace/datasets/cremad/AudioWAV/1005_IEO_SAD_LO.wav,cremad,sad,neutral,2,0.1460085389545637,0.2582073707416978,0.3738035655772126,0.22198052472652585
/workspace/datasets/cremad/AudioWAV/1005_IEO_SAD_MD.wav,cremad,sad,neutral,2,0.14611715796683458,0.2583234847021975,0.3738499722420757,0.2217093850888925
/workspace/datasets/cremad/AudioWAV/1005_IOM_ANG_XX.wav,cremad,angry,neutral,2,0.14636324848712254,0.2586127443261138,0.3738646568265565,0.22115935036020673
/workspace/datasets/cremad/AudioWAV/1005_IOM_HAP_XX.wav,cremad,happy,neutral,2,0.14628305009164486,0.2585843645797212,0.3739258897082307,0.2212066956204033
/workspace/datasets/cremad/AudioWAV/1005_IOM_NEU_XX.wav,cremad,neutral,neutral,2,0.1460907465360622,0.25832004924216967,0.3738560535391349,0.2217331506826331
/workspace/datasets/cremad/AudioWAV/1005_IOM_SAD_XX.wav,cremad,sad,neutral,2,0.14605795158622772,0.2582703265372087,0.37379738530273354,0.22187433657383004
/workspace/datasets/cremad/AudioWAV/1005_ITH_ANG_XX.wav,cremad,angry,neutral,2,0.1463714034226316,0.2585675779546972,0.37396349500443615,0.22109752361823515
/workspace/datasets/cremad/AudioWAV/1005_ITH_HAP_XX.wav,cremad,happy,neutral,2,0.14625038809680893,0.25853767865455063,0.37390930654577886,0.2213026267028616
/workspace/datasets/cremad/AudioWAV/1005_ITH_NEU_XX.wav,cremad,neutral,neutral,2,0.14619766911570942,0.2584558780247329,0.3739370422717892,0.22140941058776878
/workspace/datasets/cremad/AudioWAV/1005_ITH_SAD_XX.wav,cremad,sad,neutral,2,0.1461284000313586,0.2583540888159848,0.3738849363315748,0.22163257482108162
/workspace/datasets/cremad/AudioWAV/1005_ITS_ANG_XX.wav,cremad,angry,neutral,2,0.14635815403083424,0.2586176655761259,0.3738799697695474,0.22114421062349204
/workspace/datasets/cremad/AudioWAV/1005_ITS_HAP_XX.wav,cremad,happy,neutral,2,0.1464062875414521,0.2586410598312555,0.37389729264282207,0.22105535998447035
/workspace/datasets/cremad/AudioWAV/1005_ITS_NEU_XX.wav,cremad,neutral,neutral,2,0.146216433709989,0.2585290786390821,0.37397381980080496,0.22128066785012387
/workspace/datasets/cremad/AudioWAV/1005_ITS_SAD_XX.wav,cremad,sad,neutral,2,0.1462103693991116,0.2585367269938609,0.37394108729279435,0.22131181631423325
/workspace/datasets/cremad/AudioWAV/1005_IWL_ANG_XX.wav,cremad,angry,neutral,2,0.14634736279208502,0.2586305141768905,0.3739215971107664,0.22110052592025792
/workspace/datasets/cremad/AudioWAV/1005_IWL_HAP_XX.wav,cremad,happy,neutral,2,0.1462992996518094,0.25854732964422034,0.37387040061164223,0.221282970092328
/workspace/datasets/cremad/AudioWAV/1005_IWL_NEU_XX.wav,cremad,neutral,neutral,2,0.14615279538740802,0.25844967119251916,0.37395522080191484,0.22144231261815794
/workspace/datasets/cremad/AudioWAV/1005_IWL_SAD_XX.wav,cremad,sad,neutral,2,0.1460705425895798,0.2583007387028533,0.37385541483037726,0.22177330387718974
/workspace/datasets/cremad/AudioWAV/1005_IWW_ANG_XX.wav,cremad,angry,neutral,2,0.14617578951925506,0.25839641988605744,0.3738428759321698,0.22158491466251753
/workspace/datasets/cremad/AudioWAV/1005_IWW_HAP_XX.wav,cremad,happy,neutral,2,0.14620669450846407,0.25842860391663036,0.37382054080026755,0.2215441607746378
/workspace/datasets/cremad/AudioWAV/1005_IWW_NEU_XX.wav,cremad,neutral,neutral,2,0.1462311459193894,0.2584291169647645,0.3738231287158488,0.2215166083999973
/workspace/datasets/cremad/AudioWAV/1005_IWW_SAD_XX.wav,cremad,sad,neutral,2,0.1461271690546729,0.2583425596028365,0.37385653189335,0.2216737394491402
/workspace/datasets/cremad/AudioWAV/1005_MTI_ANG_XX.wav,cremad,angry,neutral,2,0.1462880016840671,0.258558293290328,0.37394117824393824,0.22121252678166678
/workspace/datasets/cremad/AudioWAV/1005_MTI_HAP_XX.wav,cremad,happy,neutral,2,0.1462880890948103,0.2585278995281251,0.3739155162170062,0.22126849516005842
/workspace/datasets/cremad/AudioWAV/1005_MTI_NEU_XX.wav,cremad,neutral,neutral,2,0.1460976081566539,0.25833716651019,0.37390776088493355,0.22165746444822237
/workspace/datasets/cremad/AudioWAV/1005_MTI_SAD_XX.wav,cremad,sad,neutral,2,0.14616262695698884,0.2584024694803756,0.37392193602546014,0.2215129675371756
/workspace/datasets/cremad/AudioWAV/1005_TAI_ANG_XX.wav,cremad,angry,neutral,2,0.14629320438989715,0.2585730852127201,0.3739212121291159,0.22121249826826697
